tree
version=v4
num_class=1
num_tree_per_iteration=1
label_index=0
max_feature_idx=27
objective=binary sigmoid:1
feature_names=dir confidence bodyAtrRatio flipDensity wickRatio trendAge gapRatio er momentum atr_trend adx adx_slope flip_count volatility_spike mom5 atr_contract50 st_dist_change close_ma30_atr flip50 er20 dist_base_ma adx_chg20 er_chg20 vol100 slope_htf dist_htf_ma v3_score v3_pass
feature_infos=[-1:1] [50:100] [0.054399999999999997:4.0609999999999999] [0.02:0.10000000000000001] [0.00029999999999999997:14.152200000000001] [2:307] [0:0.025499999999999998] [0.0040000000000000001:0.63200000000000001] [-3.6800000000000002:7.1600000000000001] [-51.960000000000001:299.94999999999999] [9.5999999999999996:60.899999999999999] [-21.300000000000001:16.899999999999999] [1:5] [1.04:5.04] [0.050929385758358668:4.874015032680262] [-0.69324426876647249:2.4413658911472411] [-7.6839672979461033:8.1418484477652022] [0.0020956974318459085:4.1997239475149204] [1:5] [0.0042696338465505555:0.63222083083785208] [-4.6707173281336241:3.3378864558063763] [-33.529864127872571:30.885925674274546] [-0.68764600179998525:0.45672068597254956] [0:37] [-5.5490491241983921:5.0151826893080349] [-7.4305588930161166:12.770827496520104] [60:100] none
tree_sizes=1063 1291 1178 1079 1189 1291 1183 1088 1186 1086 1085 985 1389 1291 1190 1087 1299 978 1078 1191 1183 1187 1073 1190 1185 1186 1188 1181 1189 1192 1082 1183 1289 1290 1188

Tree=0
num_leaves=9
num_cat=0
split_feature=7 9 11 21 5 10 15 8
split_gain=6.54738 11.4552 4.76646 5.27427 8.75967 4.31066 4.26545 2.77973
threshold=0.27900000000000008 -7.0849999999999991 -9.5499999999999989 -1.7368208409200763 27.500000000000004 24.150000000000002 0.20040601257653171 0.38500000000000006
decision_type=2 2 2 2 2 2 2 2
left_child=2 6 -1 4 -4 -5 -2 -6
right_child=1 -3 3 5 7 -7 -8 -9
leaf_value=-0.21871512299057308 -0.20933112724530026 -0.10191197594941262 -0.19713193277644558 -0.21915114703530292 -0.098808510689864862 -0.16745504623202034 -0.14677115561014817 -0.15108779365297367
leaf_weight=6.9498532414436331 5.7088080197572726 8.4391075074672681 6.9498532414436367 8.190898463129999 5.2123899310827237 7.9426894187927237 5.2123899310827255 4.9641808867454529
leaf_count=28 23 34 28 33 21 32 21 20
internal_value=-0.169553 -0.145664 -0.181056 -0.173186 -0.153861 -0.193701 -0.179473 -0.124311
internal_weight=59.5702 19.3603 40.2099 33.26 17.1264 16.1336 10.9212 10.1766
internal_count=240 78 162 134 69 65 44 41
is_linear=0
shrinkage=1


Tree=1
num_leaves=11
num_cat=0
split_feature=17 25 19 13 6 23 10 10 24 16
split_gain=8.15165 8.04971 9.64299 8.39004 6.67882 5.51196 5.44812 3.43464 3.36705 3.13572
threshold=0.70775878864128061 0.72623155627950975 0.32525923575606691 1.6250000000000002 0.00045000000000000004 2.5000000000000004 21.650000000000002 21.750000000000004 -0.21186405407845019 4.688268578378854
decision_type=2 2 2 2 2 2 2 2 2 2
left_child=-1 3 6 -2 5 8 -3 -6 -5 -7
right_child=1 2 -4 4 7 9 -8 -9 -10 -11
leaf_value=-0.061427063600334834 0.079289142068903917 -0.07179583263818505 0.032253656634919269 0.048001831420590821 0.063583707007103654 -0.0064618930663777096 -0.0080585752021895135 0.0087095473769597583 -0.0059093348969988099 -0.061989647573409301
leaf_weight=4.9575440734624854 4.9608957916498175 7.677462965250017 5.967168152332305 4.9677898287773097 6.7068007439374906 5.2143978327512723 5.9519573301076889 4.9608016610145569 6.9454012364149147 4.9617900848388672
leaf_count=20 20 31 24 20 27 21 24 20 28 20
internal_value=0.00012489 0.00535767 -0.0207542 0.0185739 0.0096512 -0.00651237 -0.0439618 0.0402525 0.0165716 -0.0335366
internal_weight=63.272 58.3145 19.5966 38.7179 33.757 22.0894 13.6294 11.6676 11.9132 10.1762
internal_count=255 235 79 156 136 89 55 47 48 41
is_linear=0
shrinkage=0.05


Tree=2
num_leaves=10
num_cat=0
split_feature=16 25 13 14 2 8 2 22 2
split_gain=7.83746 7.91073 7.82629 7.71612 7.33234 5.77616 5.36728 5.56163 1.59284
threshold=-4.7236808071297069 0.31409924140243589 2.1000000000000001 2.1009703079771147 1.1467500000000002 1.1150000000000004 1.6735000000000002 -0.085313308579875818 0.79795000000000005
decision_type=2 2 2 2 2 2 2 2 2
left_child=6 2 8 -4 -3 -6 7 -1 -2
right_child=1 4 3 -5 5 -7 -8 -9 -10
leaf_value=-0.031687211418115105 0.057529932945548458 -0.077188003494942814 -0.059571272309805239 0.022294012514966335 -0.053557676437988103 0.015270417498425405 0.067059962098943479 0.031134880856280567 0.017491777248777884
leaf_weight=5.7102177441120157 4.9684595614671725 7.6527646332979229 6.4262378066778165 5.2134225070476532 5.431303992867468 6.9472705572843552 4.9725243449211112 9.197836697101593 4.9678246825933456
leaf_count=23 20 31 26 21 22 28 20 37 20
internal_value=-0.00374825 -0.0160876 0.00491938 -0.0229037 -0.0387144 -0.014929 0.0220763 0.0070722 0.0375121
internal_weight=61.4879 41.6073 21.5759 11.6397 20.0313 12.3786 19.8806 14.9081 9.93628
internal_count=248 168 87 47 81 50 80 60 40
is_linear=0
shrinkage=0.05


Tree=3
num_leaves=9
num_cat=0
split_feature=24 21 13 21 3 5 4 25
split_gain=5.54777 6.05557 5.58264 4.50004 3.79614 5.99071 7.83252 1.62774
threshold=1.1855963206706306 -2.075029073944076 1.8150000000000002 -2.3827716563530532 0.05000000000000001 22.500000000000004 0.34715000000000001 -0.17224966966942179
decision_type=2 2 2 2 2 2 2 2
left_child=2 -2 3 -1 5 -4 -7 -8
right_child=1 -3 4 -5 -6 6 7 -9
leaf_value=-0.0077681954490112339 0.047520755354596066 -0.021099975760449349 -0.079078128711559989 0.051715916974318557 0.0060376855927725924 0.016284049987229939 -0.065392011615381843 -0.028667191092099604
leaf_weight=8.1829756796359998 9.1892340332269651 4.9451993852853766 5.3965776115655926 5.1998550444841376 8.6669634431600553 8.6836522072553652 5.6960975378751728 6.4154665917158136
leaf_count=33 37 20 22 21 35 35 23 26
internal_value=-0.00403563 0.0235125 -0.012107 0.0153442 -0.022646 -0.0321375 -0.0199559 -0.045939
internal_weight=62.376 14.1344 48.2416 13.3828 34.8588 26.1918 20.7952 12.1116
internal_count=252 57 195 54 141 106 84 49
is_linear=0
shrinkage=0.05


Tree=4
num_leaves=10
num_cat=0
split_feature=20 16 24 22 15 13 20 10 15
split_gain=5.73349 7.71166 7.03388 6.39666 6.36962 5.41864 4.89391 4.65709 3.63151
threshold=-0.5283828302611393 6.637846329964562 0.48071197772777502 -0.099525740804910959 0.12378277447502985 2.4250000000000003 0.7608236276705177 21.650000000000002 0.054049054700742401
decision_type=2 2 2 2 2 2 2 2 2
left_child=3 2 5 8 -5 6 -2 -4 -1
right_child=1 -3 7 4 -6 -7 -8 -9 -10
leaf_value=-0.041911434023196151 0.052969113005726945 0.042648089497996242 -0.080216069396569875 0.068570375499163505 -0.0031666330487084924 -0.036444465318825919 -0.0081520097892502225 -0.018379402788157057 0.01864044878232585
leaf_weight=4.9508684426546115 5.1818753033876446 5.4696591049432746 6.6025507599115354 8.2156344354152662 4.9639571607112876 8.377417325973509 8.8998072743415815 5.6506937146186829 4.9536093324422836
leaf_count=20 21 22 27 33 20 34 36 23 20
internal_value=-0.00112429 -0.0125329 -0.0212279 0.0187345 0.0415514 -0.00460314 0.0143398 -0.0516995 -0.0116271
internal_weight=63.2661 40.182 34.7123 23.0841 13.1796 22.4591 14.0817 12.2532 9.90448
internal_count=256 163 141 93 53 91 57 50 40
is_linear=0
shrinkage=0.05


Tree=5
num_leaves=11
num_cat=0
split_feature=13 25 11 11 21 24 15 2 2 4
split_gain=4.70504 8.70871 4.58547 8.6159 4.6813 5.64569 5.47791 3.76763 2.44826 2.32971
threshold=1.8150000000000002 0.64917768916660201 -9.5499999999999989 -5.8499999999999988 1.0000000180025095e-35 0.12129445533126969 0.028299105250486071 0.69120000000000015 1.3101500000000004 0.38115000000000004
decision_type=2 2 2 2 2 2 2 2 2 2
left_child=1 7 -2 -4 6 -6 8 -1 -5 -8
right_child=2 -3 3 4 5 -7 9 -9 -10 -11
leaf_value=0.017425795722264426 -0.049975279194459744 -0.023715235245255178 0.054775194525884086 0.04985741584364458 0.00010386580065333722 -0.071804356862002469 -0.0020934976978527991 0.076081393291515087 0.0024015901911039203 -0.050659128137595211
leaf_weight=5.2347768694162387 6.1635270416736594 6.8598883897066107 5.4330083876848212 5.2059636414051109 4.9361751377582532 6.1062364429235458 4.94721871614456 5.7393107116222382 5.6864393651485443 4.9302290380001068
leaf_count=21 25 28 22 21 20 25 20 23 23 20
internal_value=-0.0011444 0.0204773 -0.0100274 -0.00341663 -0.0133548 -0.03966 0.000630447 0.0481019 0.0250828 -0.0263345
internal_weight=61.2428 17.834 43.4088 37.2453 31.8123 11.0424 20.7699 10.9741 10.8924 9.87745
internal_count=248 72 176 151 129 45 84 44 44 40
is_linear=0
shrinkage=0.05


Tree=6
num_leaves=10
num_cat=0
split_feature=25 24 16 25 4 7 17 10 2
split_gain=6.51142 4.82762 5.38538 7.55608 6.31018 5.51656 8.81934 3.67624 2.87109
threshold=1.4834722975596064 1.1855963206706306 6.5427513803268482 0.15368292535283176 1.2092000000000003 0.11750000000000001 1.9334959870258712 22.050000000000001 1.3101500000000004
decision_type=2 2 2 2 2 2 2 2 2
left_child=1 2 3 4 5 -1 -7 -2 -5
right_child=7 -3 -4 8 -6 6 -8 -9 -10
leaf_value=0.047502357797937635 -0.059888617181998206 0.050344245901760044 0.051581551927472317 -0.050217522926817429 0.066614740450398294 -0.054356339215453145 0.029408434966016379 -0.0039678725945262042 -0.0021022295594493837
leaf_weight=4.9486617594957414 5.1207191050052625 7.4499052911996833 5.7302293479442588 7.8020113557577115 4.9637233465909949 6.6531231850385648 5.9549018144607544 6.8980963081121445 5.1449600756168365
leaf_count=20 21 30 23 32 20 27 24 28 21
internal_value=0.00516253 0.0133046 0.00660659 -0.000659716 0.0168387 0.00276579 -0.0147934 -0.0277934 -0.0310971
internal_weight=60.6663 48.6475 41.1976 35.4674 22.5204 17.5567 12.608 12.0188 12.947
internal_count=246 197 167 144 91 71 51 49 53
is_linear=0
shrinkage=0.05


Tree=7
num_leaves=9
num_cat=0
split_feature=25 24 20 7 25 21 10 10
split_gain=5.59825 6.41278 6.89674 4.24257 7.94456 4.79441 3.62239 3.44031
threshold=1.4834722975596064 1.1855963206706306 1.1683085593207856 0.096500000000000016 -0.045436389523877158 -4.1821158758894761 21.150000000000002 25.650000000000002
decision_type=2 2 2 2 2 2 2 2
left_child=1 2 3 -1 5 -5 -6 -2
right_child=7 -3 -4 4 6 -7 -8 -9
leaf_value=0.029232762028845158 -0.055288553934312402 0.051873138609442954 0.039663349155006154 -0.082942499242872836 -0.015556646150156152 -0.021787157758420474 0.037330267997623019 -0.0015431177804399445
leaf_weight=5.6702624410390845 6.2948509752750379 7.2050179690122595 8.9139518439769727 5.1870746314525542 6.8201911300420797 8.3863844722509402 6.1638582795858383 5.6500204801559448
leaf_count=23 26 29 36 21 28 34 25 23
internal_value=0.000785589 0.00835871 0.000738165 -0.0100282 -0.0184108 -0.0451576 0.00955012 -0.0298665
internal_weight=60.2916 48.3467 41.1417 32.2278 26.5575 13.5735 12.984 11.9449
internal_count=245 196 167 131 108 55 53 49
is_linear=0
shrinkage=0.05


Tree=8
num_leaves=10
num_cat=0
split_feature=24 25 11 24 24 8 24 8 14
split_gain=6.06858 6.47131 5.36598 6.7163 6.25621 4.80684 4.59802 3.01321 1.57314
threshold=1.1855963206706306 1.0817800351145321 -1.1499999999999997 -0.21186405407845019 -0.62617389889392916 -0.45999999999999991 0.3660317456195859 0.47000000000000003 2.1467065406978318
decision_type=2 2 2 2 2 2 2 2 2
left_child=1 2 4 -4 -1 -2 7 -6 -5
right_child=5 -3 3 8 6 -7 -8 -9 -10
leaf_value=-0.018438961156747154 0.052663070469855716 -0.046573562973620336 0.0174361022677493 -0.027574101015816085 0.081609198261877847 -0.0084940193359978149 -0.0043233986604971058 0.028338601688907117 -0.067709465474642974
leaf_weight=8.6424634009599668 8.7024317085742933 8.6972413808107358 6.6903405338525799 4.8944213986396807 4.9773684293031675 5.0935035347938529 5.1524132639169684 5.6883021742105484 4.8715444952249527
leaf_count=35 35 36 27 20 20 21 21 23 20
internal_value=0.000750339 -0.00740623 0.000919135 -0.0211564 0.0157708 0.0300837 0.0344619 0.0531985 -0.0475948
internal_weight=63.41 49.6141 40.9169 16.4563 24.4605 13.7959 15.8181 10.6657 9.76597
internal_count=258 202 166 67 99 56 64 43 40
is_linear=0
shrinkage=0.05


Tree=9
num_leaves=9
num_cat=0
split_feature=17 20 10 22 25 6 15 9
split_gain=6.85845 5.11116 6.49991 5.89696 4.23759 3.46982 4.27501 4.12717
threshold=0.98725610596103563 0.7608236276705177 27.500000000000004 -0.018567449200809594 -0.7964566965935721 0.00085000000000000017 0.082012911806948488 20.910000000000004
decision_type=2 2 2 2 2 2 2 2
left_child=-1 4 3 -3 -2 6 7 -6
right_child=1 2 -4 -5 5 -7 -8 -9
leaf_value=-0.045894482809793788 -0.013489892228242199 -0.0015406484111250933 0.028443578402433452 -0.063850246532095256 -0.0011416965566172401 -0.0024665423593608639 0.076733975481007535 0.057972834522665717
leaf_weight=7.0528542995452872 7.4059706330299404 8.3246629685163498 6.9159828275442115 6.9817811250686654 6.8968751877546364 6.1837343275547019 5.6932906359434119 5.1628388166427612
leaf_count=29 30 34 28 29 28 25 23 21
internal_value=0.000454573 0.00655729 -0.0117853 -0.0299621 0.0195625 0.0297888 0.041024 0.0241656
internal_weight=60.618 53.5651 22.2224 15.3064 31.3427 23.9367 17.753 12.0597
internal_count=247 218 91 63 127 97 72 49
is_linear=0
shrinkage=0.05


Tree=10
num_leaves=9
num_cat=0
split_feature=9 6 20 20 11 6 17 25
split_gain=5.31469 3.91116 7.92194 5.64874 6.38012 4.67799 5.30934 2.6107
threshold=-25.264999999999997 1.0000000180025095e-35 0.91767478157590421 1.1167574848540853 -7.1499999999999995 0.00035000000000000005 1.642449808466246 -0.42547508226594594
decision_type=2 2 2 2 2 2 2 2
left_child=-1 2 7 4 -3 -6 -7 -2
right_child=1 3 -4 -5 5 6 -8 -9
leaf_value=0.046892601107436579 -0.028506459880203186 -0.048891627843362907 -0.069025525003173785 0.040817934729840973 0.035124079913728609 -0.039824275451352892 0.0268858506704816 0.015519746950829333
leaf_weight=6.1776930391788474 5.1981784850358972 6.0937217324972144 5.7836265265941611 9.5921054482460004 9.586267247796064 7.0347771942615491 5.1779889017343521 9.559905007481575
leaf_count=25 21 25 24 39 39 29 21 39
internal_value=0.0028039 -0.00188992 -0.0194255 0.00771956 -0.00366272 0.00898061 -0.0115404 1.25789e-05
internal_weight=64.2043 58.0266 20.5417 37.4849 27.8928 21.799 12.2128 14.7581
internal_count=262 237 84 153 114 89 50 60
is_linear=0
shrinkage=0.05


Tree=11
num_leaves=8
num_cat=0
split_feature=23 25 22 25 25 22 10
split_gain=5.94445 3.63029 7.79646 3.08265 3.98859 4.17847 4.1577
threshold=1.0000000180025095e-35 0.52782815819374584 -0.099525740804910959 -1.0272575252376632 1.4834722975596064 -0.10456588421836671 18.150000000000002
decision_type=2 2 2 2 2 2 2
left_child=1 2 -1 -2 5 -5 -7
right_child=3 -3 -4 4 -6 6 -8
leaf_value=-0.0021666880609496923 -0.04677831567640528 -0.0082137074704415509 0.069277078150407206 0.03139604985676589 -0.037287770131561482 0.018406467522743324 -0.034566807041113527
leaf_weight=7.598256543278695 5.6363475918769828 7.7846810370683661 7.6767015159130105 8.6198462098836934 7.9623789489269248 6.4126243740320215 8.7695921659469587
leaf_count=31 23 32 31 35 33 26 36
internal_value=-0.000390616 0.019576 0.0337386 -0.0127011 -0.0066544 0.00359322 -0.0121921
internal_weight=60.4604 23.0596 15.275 37.4008 31.7644 23.8021 15.1822
internal_count=247 94 62 153 130 97 62
is_linear=0
shrinkage=0.05


Tree=12
num_leaves=12
num_cat=0
split_feature=7 25 22 22 13 10 7 9 16 13 11
split_gain=7.50297 9.15664 8.91063 7.33204 5.33527 4.88763 4.87121 4.04467 3.87234 2.74797 1.96397
threshold=0.27900000000000008 0.15368292535283176 -0.060032498991109517 -0.22643860585231729 2.2150000000000003 22.050000000000001 0.13950000000000004 11.050000000000002 -2.0756234105818052 1.9950000000000003 -0.6499999999999998
decision_type=2 2 2 2 2 2 2 2 2 2 2
left_child=1 3 -2 -1 8 10 -7 9 -5 -4 -3
right_child=2 5 7 4 -6 6 -8 -9 -10 -11 -12
leaf_value=-0.035288797671684642 0.074331332085746049 -0.03779955616679951 0.010306230192597044 0.01902789863590686 -0.01368207921966026 -0.045814434382259343 0.022504225909505508 0.039210795717135899 0.079366969851067462 -0.041926210983938138 -0.081356359397337819
leaf_weight=6.3419200628995922 6.2171777486801174 4.9780189245939255 5.1689819842576963 5.4369859993457794 5.0952585488557807 5.2677280008792859 5.1697663962841034 5.1837214380502692 5.2040690779685956 4.910020500421524 5.3903725445270556
leaf_count=26 25 21 21 22 21 22 21 21 21 20 23
internal_value=-0.000247469 -0.0123293 0.0238736 0.0100992 0.0283911 -0.0361294 -0.0119757 0.00331998 0.0485371 -0.015139 -0.0604441
internal_weight=64.364 42.8841 21.4799 22.0782 15.7363 20.8059 10.4375 15.2627 10.6411 10.079 10.3684
internal_count=264 177 87 90 64 87 43 62 43 41 44
is_linear=0
shrinkage=0.05


Tree=13
num_leaves=11
num_cat=0
split_feature=16 20 10 10 13 10 6 15 22 10
split_gain=4.11033 3.62683 7.42302 6.31892 3.92643 4.22372 5.41554 3.58657 2.4697 2.45341
threshold=6.6930180677119937 0.7608236276705177 27.500000000000004 29.850000000000005 1.6650000000000003 20.650000000000002 0.00045000000000000004 0.15707880080619055 -0.1310282915720492 16.450000000000003
decision_type=2 2 2 2 2 2 2 2 2 2
left_child=1 3 7 4 -1 6 9 -3 -7 -6
right_child=-2 2 -4 -5 5 8 -8 -9 -10 -11
leaf_value=0.052325481972057941 0.043938582340182324 -0.066764285593274422 0.026224145959309109 -0.045579662249716053 -0.0085174914702292187 0.054416435101494444 0.03161922142169981 -0.016056261730423665 0.0096538906600989322 -0.058088591946525936
leaf_weight=5.6783818751573554 5.1999833136796942 6.5369018316268939 6.1380415409803382 5.0467055886983863 5.1529617607593554 5.1738862246274948 4.9048070162534705 7.4742646068334579 7.6193729192018491 4.8409614861011505
leaf_count=23 21 28 25 21 21 21 20 31 31 20
internal_value=0.00133603 -0.00244657 -0.0196273 0.00656451 0.0144504 0.00668396 -0.011411 -0.0397141 0.0277569 -0.0325293
internal_weight=63.7663 58.5663 20.1492 38.4171 33.3704 27.692 14.8987 14.0112 12.7933 9.99392
internal_count=262 241 84 157 136 113 61 59 52 41
is_linear=0
shrinkage=0.05


Tree=14
num_leaves=10
num_cat=0
split_feature=19 5 24 6 15 21 25 25 16
split_gain=5.16773 5.90055 6.56846 4.70397 6.50721 5.96916 4.24994 4.12735 1.23988
threshold=0.21531587177704808 52.500000000000007 0.10280204505990133 0.0021500000000000004 0.12378277447502985 0.62842719172798323 0.75958516096658724 -0.62281333749537027 -0.92566145719169712
decision_type=2 2 2 2 2 2 2 2 2
left_child=3 6 -3 4 5 -1 8 -6 -2
right_child=1 2 -4 -5 7 -7 -8 -9 -10
leaf_value=0.0034644107624387833 0.038659700792753174 -0.050060345661067263 0.021119859251444689 -0.055602509514853155 -0.0043685196574141903 -0.060153852764208149 0.0068191713380175087 0.059153112269073882 0.072167567113222794
leaf_weight=8.4601023942232185 5.9178717583417875 5.64844001829624 7.6044365167617798 5.1791652590036383 5.103459820151329 6.535482481122016 8.199512913823126 5.1254751235246641 5.1748408377170598
leaf_count=35 24 23 31 22 21 28 34 21 21
internal_value=0.00262258 0.0164693 -0.00921749 -0.0121994 -0.00328775 -0.0242622 0.0341149 0.0274607 0.0542914
internal_weight=62.9488 32.5451 13.2529 30.4037 25.2245 14.9956 19.2922 10.2289 11.0927
internal_count=260 133 54 127 105 63 79 42 45
is_linear=0
shrinkage=0.05


Tree=15
num_leaves=9
num_cat=0
split_feature=20 22 11 22 4 20 22 5
split_gain=4.15715 4.76723 5.6311 4.71084 3.48518 3.3303 6.63889 2.72194
threshold=-0.50739848222063577 0.0093641156028227996 -3.6499999999999999 0.13961737014966319 0.37115000000000004 -1.6206371388456533 -0.085313308579875818 28.500000000000004
decision_type=2 2 2 2 2 2 2 2
left_child=5 2 7 -3 -4 -1 -7 -2
right_child=1 3 4 -5 -6 6 -8 -9
leaf_value=-0.0159240192779204 0.056387684262117377 -0.061645277314411918 0.0035463348048502125 -0.0014269348691711007 -0.053766290239868814 -0.0016351830112961146 0.058869852441657988 0.0093467465065646994
leaf_weight=5.3993936628103283 4.8923319876193991 6.7567375600337964 5.9598391503095645 6.2536689341068268 4.7799870371818542 9.0102321803569829 9.1252743303775752 8.2791410237550718
leaf_count=22 20 29 25 26 20 37 37 34
internal_value=0.00212432 -0.00834362 0.00490913 -0.0327003 -0.0219619 0.0185465 0.0288092 0.0268193
internal_weight=60.4566 36.9217 23.9113 13.0104 10.7398 23.5349 18.1355 13.1715
internal_count=250 154 99 55 45 96 74 54
is_linear=0
shrinkage=0.05


Tree=16
num_leaves=11
num_cat=0
split_feature=19 22 21 6 11 21 5 22 13 6
split_gain=3.62137 9.20935 5.78843 7.35138 4.50412 4.10326 2.92952 3.94234 2.1514 1.6465
threshold=0.24085499505644684 -0.11850572968918799 -6.6083302412155893 0.00025000000000000006 -9.5499999999999989 0.62842719172798323 40.500000000000007 -0.12388274010907259 1.9750000000000003 0.00025000000000000006
decision_type=2 2 2 2 2 2 2 2 2 2
left_child=4 -2 8 -4 -1 6 7 -6 -3 -7
right_child=1 2 3 -5 5 9 -8 -9 -10 -11
leaf_value=-0.055244254287085195 0.064087113886533334 -0.0063668683677998291 -0.016046282570536342 0.067780377668467964 0.030207791879774265 -0.051109304175766083 0.035286848203722958 -0.027761379599078585 -0.05281548468502259 -0.010041626393007831
leaf_weight=4.7923086881637564 6.8955911993980434 4.9000707119703328 5.5886463522911036 4.916163444519043 4.8708134293556231 4.6126805394887906 7.3197325766086569 7.3717800229787862 5.0748161226511002 5.1830357164144516
leaf_count=20 28 20 23 20 20 20 30 31 21 22
internal_value=0.000560181 0.0141089 -0.00271901 0.0231839 -0.0103006 -0.00296413 0.0102634 -0.00469788 -0.029998 -0.0293799
internal_weight=61.5256 27.3753 20.4797 10.5048 34.1504 29.358 19.5623 12.2426 9.97489 9.79572
internal_count=255 112 84 43 143 123 81 51 41 42
is_linear=0
shrinkage=0.05


Tree=17
num_leaves=8
num_cat=0
split_feature=16 22 24 5 7 20 25
split_gain=4.42974 4.9643 6.28447 6.21062 5.24627 4.55832 3.0875
threshold=-5.8250014529275909 0.029042319522255441 0.51464609109794102 58.500000000000007 0.21850000000000003 0.7488695096410557 -1.0000000180025095e-35
decision_type=2 2 2 2 2 2 2
left_child=6 3 -3 4 5 -2 -1
right_child=1 2 -4 -5 -6 -7 -8
leaf_value=-0.0016227228039191043 0.021586426153190598 0.0016775292488091808 -0.063532738161756225 -0.030433652476481683 0.048228622976138974 -0.037013929998464382 0.049818773211506857
leaf_weight=4.8533236533403397 9.1746283918619174 7.9938712418079358 6.869840145111084 8.4368312209844571 9.5315768569707853 5.1990381777286521 7.310644328594206
leaf_count=20 38 33 30 35 39 22 30
internal_value=0.00238882 -0.0045441 -0.0284619 0.006448 0.0194646 0.000390339 0.029294
internal_weight=59.3698 47.2058 14.8637 32.3421 23.9052 14.3737 12.164
internal_count=247 197 63 134 99 60 50
is_linear=0
shrinkage=0.05


Tree=18
num_leaves=9
num_cat=0
split_feature=22 5 17 17 11 5 15 15
split_gain=3.60215 5.23425 3.92737 6.10991 3.28633 4.27636 3.51279 6.86884
threshold=0.043733360975763226 39.500000000000007 2.3848771713099661 2.0693000958899606 1.0500000000000003 23.500000000000004 -0.07837702841892806 0.34421983636169101
decision_type=2 2 2 2 2 2 2 2
left_child=2 -2 3 4 5 -1 -7 -8
right_child=1 -3 -4 -5 -6 6 7 -9
leaf_value=0.044641120752346157 -0.051340326266940087 0.0075973230962412741 -0.023940469974125654 0.068488835554642621 -0.025343865740440785 0.035099672999850916 -0.050877026903996384 0.023126340164600547
leaf_weight=8.7132634222507495 6.7447050511836997 8.5330935269594175 7.2748874127864829 4.8629976361989966 5.9050043970346442 5.5602905750274649 6.0681503266096133 6.4883042424917221
leaf_count=36 30 35 30 20 25 23 25 27
internal_value=0.00254777 -0.0184219 0.00968729 0.016194 0.00842523 0.0158574 0.00201392 -0.0126372
internal_weight=60.1507 15.2778 44.8729 37.598 32.735 26.83 18.1167 12.5565
internal_count=251 65 186 156 136 111 75 52
is_linear=0
shrinkage=0.05


Tree=19
num_leaves=10
num_cat=0
split_feature=25 24 25 23 11 21 7 22 22
split_gain=3.33513 7.66899 5.33513 6.25471 8.93829 4.28625 3.16709 4.15753 2.38898
threshold=0.31409924140243589 1.8140514898011664 -0.045436389523877158 2.5000000000000004 -3.5499999999999994 -9.38671153712224 0.26750000000000007 -0.074897746965010156 -0.099525740804910959
decision_type=2 2 2 2 2 2 2 2 2
left_child=2 5 3 8 -5 -2 7 -7 -1
right_child=1 -3 -4 4 -6 6 -8 -9 -10
leaf_value=0.0039013891162328106 -0.065439509230489509 0.03374890949884659 0.048672752735174768 0.012160539526533613 -0.071441849628520224 -0.062901989840026554 0.019911971520035047 -0.001136158030637687 0.048564886156380063
leaf_weight=5.8479417711496353 5.3377842307090804 6.9769438058137885 7.5220913589000693 7.5544613897800437 5.542906090617179 4.8886672556400326 4.8731210231781015 6.1541511565446809 6.1347735971212405
leaf_count=24 23 29 31 31 23 21 20 27 25
internal_value=0.000845566 -0.0117356 0.0117398 0.000662699 -0.0232206 -0.0266667 -0.0136634 -0.02848 0.0267677
internal_weight=60.8328 28.2307 32.6022 25.0801 13.0974 21.2537 15.9159 11.0428 11.9827
internal_count=254 120 134 103 54 91 68 48 49
is_linear=0
shrinkage=0.05


Tree=20
num_leaves=10
num_cat=0
split_feature=4 10 5 22 24 7 6 5 25
split_gain=3.46604 3.99427 5.45315 3.85208 3.87202 4.17872 3.59175 2.75321 2.35598
threshold=1.4972000000000001 20.650000000000002 35.000000000000007 0.029042319522255441 -0.57398081848376525 0.28050000000000008 1.0000000180025095e-35 66.500000000000014 0.75958516096658724
decision_type=2 2 2 2 2 2 2 2 2
left_child=1 2 6 4 -3 8 -1 -4 -6
right_child=-2 3 7 -5 5 -7 -8 -9 -10
leaf_value=-0.079457796734188485 0.038967901052368588 -0.017150925538383197 0.024104203008996124 -0.024350693434326914 0.032568003860925246 0.06952071822908483 -0.020801480743960085 -0.025050968075951821 -0.011559089677735411
leaf_weight=4.4457539021968859 5.3174350559711447 5.7913380265235963 7.0244402140378934 6.8700353950262061 7.5368220955133456 4.8404978513717642 6.3199295103549957 4.7919698357582092 5.0526766777038574
leaf_count=20 22 24 29 29 31 20 27 20 21
internal_value=0.00049531 -0.00338853 -0.0192825 0.00853909 0.0182695 0.0300384 -0.045024 0.00417005 0.014858
internal_weight=57.9909 52.6735 22.5821 30.0914 23.2213 17.43 10.7657 11.8164 12.5895
internal_count=243 221 96 125 96 72 47 49 52
is_linear=0
shrinkage=0.05


Tree=21
num_leaves=10
num_cat=0
split_feature=9 4 2 4 13 15 17 17 15
split_gain=5.64904 4.67542 3.70933 5.6268 4.52459 2.8332 2.70456 3.35669 0.882968
threshold=-25.264999999999997 1.4456500000000003 1.3555000000000004 0.16925000000000004 2.3600000000000008 0.048212227289456296 1.6742259398871788 1.1638815129855404 -0.11607128275163285
decision_type=2 2 2 2 2 2 2 2 2
left_child=-1 2 4 8 6 -5 7 -2 -4
right_child=1 -3 3 5 -6 -7 -8 -9 -10
leaf_value=0.045063466152201338 -0.027159432462354045 0.036980554470151396 -0.040528412289269539 0.0043991607452530763 -0.063941268074806157 0.049799704574113743 -0.034230286373870641 0.027324696067125859 -0.0099681401021575085
leaf_weight=6.4687697738409033 5.0024041533470207 6.0700956135988227 4.6528055965900421 7.5660220235586149 5.3139924407005301 6.2956983894109726 7.9960505664348593 6.5002691894769669 4.8039327561855334
leaf_count=27 21 25 20 32 23 26 34 27 20
internal_value=0.000899893 -0.00437091 -0.00958597 0.00473234 -0.023042 0.0250191 -0.0118957 0.00363006 -0.0250041
internal_weight=60.67 54.2013 48.1312 23.3185 24.8127 13.8617 19.4987 11.5027 9.45674
internal_count=255 228 203 98 105 58 82 48 40
is_linear=0
shrinkage=0.05


Tree=22
num_leaves=9
num_cat=0
split_feature=25 9 17 2 24 4 17 10
split_gain=3.32499 5.80317 6.35333 4.32288 4.9818 3.86914 3.1456 4.76749
threshold=0.61734401981458731 14.230000000000002 2.4819879150382991 1.6735000000000002 1.8140514898011664 0.34715000000000001 2.0846097399698427 17.650000000000002
decision_type=2 2 2 2 2 2 2 2
left_child=1 2 6 4 -2 -3 7 -1
right_child=3 5 -4 -5 -6 -7 -8 -9
leaf_value=0.057646420800019388 -0.057790849438601369 0.0067031776234049703 -0.029126364049096493 0.015615314942343281 0.0014475372853576735 -0.044040188177881773 0.065516982927418671 -0.003106374198917454
leaf_weight=5.3261101841926637 8.8350872844457644 7.4204722642898542 5.0761070549488059 6.249541148543357 5.9320699870586386 7.6083090901374817 5.5488404333591452 8.2022114098072034
leaf_count=22 39 31 21 27 25 32 23 34
internal_value=-0.00319767 0.0054085 0.0205871 -0.0192424 -0.0339944 -0.0189856 0.0338151 0.020812
internal_weight=60.1987 39.1821 24.1533 21.0167 14.7672 15.0288 19.0772 13.5283
internal_count=254 163 100 91 64 63 79 56
is_linear=0
shrinkage=0.05


Tree=23
num_leaves=10
num_cat=0
split_feature=13 24 24 25 20 25 4 25 11
split_gain=3.86241 3.28411 3.21644 3.99683 10.1756 3.19168 3.12018 2.26265 1.00756
threshold=1.8150000000000002 1.1855963206706306 0.12129445533126969 -0.55061625230537559 0.79068700535416025 1.5917309375945143 0.34715000000000001 0.64917768916660201 -5.8499999999999988
decision_type=2 2 2 2 2 2 2 2 2
left_child=7 2 3 -2 -5 -3 -4 8 -1
right_child=1 5 6 4 -6 -7 -8 -9 -10
leaf_value=0.049472568417552577 -0.032220272870358183 0.039264854543397731 -0.0055479022342444758 0.063541059106122816 -0.030601279010905459 -0.014769025042762922 -0.057594000958975822 -0.0072335202378822948 0.017878381852401752
leaf_weight=4.8038803189992896 8.2897453159093821 5.7286243140697461 4.5817897617816907 5.3779604882001912 6.1557698249816895 5.2260960936546326 7.7515961229801178 5.3881547898054114 5.3159034699201575
leaf_count=20 35 24 20 22 26 22 34 23 22
internal_value=-0.00245894 -0.0101566 -0.0182112 -0.0057382 0.0132955 0.0134873 -0.0382591 0.0189403 0.0328762
internal_weight=58.6195 43.1116 32.1569 19.8235 11.5337 10.9547 12.3334 15.5079 10.1198
internal_count=248 183 137 83 48 46 54 65 42
is_linear=0
shrinkage=0.05


Tree=24
num_leaves=10
num_cat=0
split_feature=25 10 16 10 7 6 9 7 6
split_gain=3.44478 6.49918 3.85841 3.95889 5.17409 3.99874 3.57148 3.00927 1.76171
threshold=0.61734401981458731 21.650000000000002 -2.2193113802570008 18.450000000000003 0.092500000000000013 1.0000000180025095e-35 14.230000000000002 0.25550000000000006 0.00015000000000000004
decision_type=2 2 2 2 2 2 2 2 2
left_child=2 7 6 -4 -5 -6 -1 -2 -3
right_child=1 8 3 4 5 -7 -8 -9 -10
leaf_value=0.012232974729812935 -0.068439330878818913 0.034640587249710135 0.05689019725877003 0.053698442015165507 -0.042375734556580606 0.015815420661319472 -0.038579713636107217 -0.013385919433063465 -0.0054176409578608822
leaf_weight=8.1384958177804929 5.3784589916467684 4.9810202717781049 6.4972006082534817 5.1119638830423382 4.7140716165304166 7.8991007506847382 6.0132569819688788 4.60944564640522 6.1132389158010483
leaf_count=34 25 21 27 21 20 33 25 20 26
internal_value=0.00246385 -0.0137734 0.0113844 0.023503 0.0112648 -0.00593306 -0.00935797 -0.043032 0.0125674
internal_weight=59.4563 21.0822 38.3741 24.2223 17.7251 12.6132 14.1518 9.9879 11.0943
internal_count=252 92 160 101 74 53 59 45 47
is_linear=0
shrinkage=0.05


Tree=25
num_leaves=10
num_cat=0
split_feature=9 2 17 17 22 25 2 4 4
split_gain=4.2908 3.30282 5.56929 4.30302 3.4389 3.37609 2.93583 2.12429 3.93287
threshold=-27.684999999999999 1.3555000000000004 1.8242588118778735 1.5241046199036932 -0.065147452913733958 0.55784259110384904 0.7319500000000001 0.16925000000000004 0.32175000000000004
decision_type=2 2 2 2 2 2 2 2 2
left_child=-1 2 3 4 6 -4 -2 -3 -9
right_child=1 7 5 -5 -6 -7 -8 8 -10
leaf_value=0.048042839523150117 -0.00087237171061211368 -0.0049226847753195899 -0.012240397654996042 0.036741183226361905 0.01821814590533152 -0.071933017353086146 -0.055346570554249491 0.055228435462121764 0.0035154418933110495
leaf_weight=5.1581298410892478 4.7823910266160983 8.8079155832529086 4.7144830524921399 6.7877989560365668 6.2941951304674175 4.7606118470430374 5.1228069663047791 6.5114853978157035 8.4449841082096082
leaf_count=22 20 37 20 29 27 21 22 27 36
internal_value=0.00439793 0.000394023 -0.00997446 0.00332179 -0.0106815 -0.042232 -0.0290455 0.0145574 0.0260293
internal_weight=61.3848 56.2267 32.4623 22.9872 16.1994 9.47509 9.9052 23.7644 14.9565
internal_count=261 239 139 98 69 41 42 100 63
is_linear=0
shrinkage=0.05


Tree=26
num_leaves=10
num_cat=0
split_feature=8 10 9 7 25 10 17 5 24
split_gain=2.97655 4.73191 3.96654 3.93757 4.96923 4.21911 3.88341 3.43955 3.31553
threshold=1.8550000000000002 29.000000000000004 21.800000000000001 0.36300000000000004 0.27699628071963811 21.650000000000002 2.1455507754790903 37.500000000000007 -0.044720915420982728
decision_type=2 2 2 2 2 2 2 2 2
left_child=1 3 -3 4 6 7 8 -6 -1
right_child=-2 2 -4 -5 5 -7 -8 -9 -10
leaf_value=0.031471797657559822 0.025572883604684949 -0.071035480758661271 -0.0058068447537413231 -0.039113513769512852 -0.057357940337515602 0.017596916215709104 0.061985875751102142 -0.00078751582070129156 -0.015830706223610314
leaf_weight=8.6296433955430931 8.7998745590448362 4.624091371893881 4.6990740150213242 5.3387576639652243 5.9874058961868304 7.098667547106742 5.0029524415731421 4.8745099455118179 6.4907577186822953
leaf_count=36 37 20 20 22 29 30 21 21 27
internal_value=-0.00134763 -0.00583892 -0.0381589 0.00110041 0.00673775 -0.0123799 0.0238007 -0.0319708 0.0111662
internal_weight=61.5457 52.7459 9.32317 43.4227 38.0839 17.9606 20.1234 10.8619 15.1204
internal_count=263 226 40 186 164 80 84 50 63
is_linear=0
shrinkage=0.05


Tree=27
num_leaves=10
num_cat=0
split_feature=13 14 11 14 21 21 14 15 11
split_gain=2.94902 4.17442 4.59528 3.63979 3.44087 3.95458 2.763 2.35589 2.33879
threshold=2.0850000000000004 1.1811763577406056 0.95000000000000007 1.8795062572683592 -6.8810023886675529 -0.43667226075523574 2.0893638822883438 0.1428845125866576 1.6000000000000003
decision_type=2 2 2 2 2 2 2 2 2
left_child=1 -1 3 -3 -2 6 -6 -5 -7
right_child=4 2 -4 7 5 8 -8 -9 -10
leaf_value=-0.029930066493208781 -0.037532740430492449 0.061728984222213436 -0.023242889524757258 -0.0063163025921895866 -0.0057139890091176 -0.042141698943749771 0.043044189905129038 0.038934327809520428 0.0040242645408651552
leaf_weight=5.1585603952407864 9.1007281243801135 6.4178473502397599 4.8645958900451651 6.1723666340112668 5.6746685653924978 6.4065356403589213 5.9541671127080917 5.3865628689527512 4.797952726483345
leaf_count=22 39 27 21 26 24 28 25 23 21
internal_value=-0.00115031 0.0106943 0.019869 0.0315353 -0.0115357 -0.00117402 0.0192511 0.0147709 -0.0223726
internal_weight=59.934 27.9999 22.8414 17.9768 31.9341 22.8333 11.6288 11.5589 11.2045
internal_count=256 119 97 76 137 98 49 49 49
is_linear=0
shrinkage=0.05


Tree=28
num_leaves=10
num_cat=0
split_feature=24 7 20 5 20 6 23 25 25
split_gain=3.96662 5.2519 3.94844 4.29204 4.29122 3.68579 3.86042 4.52554 3.16806
threshold=1.1855963206706306 0.20900000000000002 1.1683085593207856 30.500000000000004 0.79068700535416025 0.0010500000000000004 7.5000000000000009 0.41668353310076056 -0.73739367833756586
decision_type=2 2 2 2 2 2 2 2 2
left_child=2 -2 4 -4 5 6 7 8 -1
right_child=1 -3 3 -5 -6 -7 -8 -9 -10
leaf_value=0.0056083900721501647 -0.017759463673465085 0.048148952620045989 -0.015402343758347356 0.043051247563281575 -0.054831705141029356 -0.037509078725328396 -0.035265747989589188 -0.026811388408023214 0.058734133772414023
leaf_weight=5.5123080760240537 4.6865225732326499 8.5129925906658155 5.5994686335325223 7.1507696211338043 5.6998766809701911 7.3934210985898963 4.8646982014179221 4.4744893312454215 5.7163144499063563
leaf_count=23 20 36 25 30 26 32 21 20 24
internal_value=0.000562737 0.024748 -0.00631562 0.0173804 -0.0152913 -0.00723097 0.00365296 0.0157097 0.0326539
internal_weight=59.6109 13.1995 46.4113 12.7502 33.6611 27.9612 20.5678 15.7031 11.2286
internal_count=257 56 201 55 146 120 88 67 47
is_linear=0
shrinkage=0.05


Tree=29
num_leaves=10
num_cat=0
split_feature=22 8 20 6 20 7 4 14 16
split_gain=2.57758 7.61746 4.08635 4.26162 5.30537 3.63696 3.43659 6.1505 2.81909
threshold=0.029042319522255441 0.97500000000000009 1.1167574848540853 0.00085000000000000017 0.79068700535416025 0.25750000000000006 0.43865000000000004 1.7919442774190313 -2.2193113802570008
decision_type=2 2 2 2 2 2 2 2 2
left_child=2 8 3 4 6 -4 -1 -8 -2
right_child=1 -3 5 -5 -6 -7 7 -9 -10
leaf_value=0.041475561665632536 -0.016261445326757263 -0.067123417912472699 0.062430545057320111 -0.037446723523619704 -0.041117334971475593 0.0052283028571409795 0.038548158341920859 -0.035500879812167756 0.031541899110675446
leaf_weight=8.4707765579223722 7.3612922132015237 5.4066724479198447 5.0575865805149061 7.3593509048223487 4.8158650845289221 6.1671720743179321 5.2927864640951139 5.9641250669956207 5.308006390929223
leaf_count=36 31 26 21 32 22 26 22 26 23
internal_value=-0.00158776 -0.0174372 0.00505518 -0.00407403 0.00593273 0.0310022 0.0174184 -0.000684425 0.00376653
internal_weight=61.2036 18.076 43.1277 31.9029 24.5436 11.2248 19.7277 11.2569 12.6693
internal_count=265 80 185 138 106 47 84 48 54
is_linear=0
shrinkage=0.05


Tree=30
num_leaves=9
num_cat=0
split_feature=24 15 13 23 13 15 10 8
split_gain=2.8838 3.62633 2.38046 2.6044 3.10949 3.52335 2.879 3.65484
threshold=-1.0335842085549414 0.57189106620748908 1.6850000000000003 9.5000000000000018 2.5250000000000004 1.0000000180025095e-35 17.050000000000004 0.28500000000000009
decision_type=2 2 2 2 2 2 2 2
left_child=-1 2 -2 4 6 -6 -4 -8
right_child=1 -3 3 -5 5 -7 7 -9
leaf_value=-0.025553438424019248 0.029094719973351387 0.039456476045172474 0.0084149151912336195 0.020457030993157141 0.035955414220857927 -0.02210819086257286 -0.06892517477946368 -0.01317282926476445
leaf_weight=8.4309697002172452 6.1750495433807364 6.9846288710832587 4.4858831614255967 7.9976852238178244 5.6618102341890317 4.8514210283756256 5.4072505235671979 6.4412110298871994
leaf_count=36 27 30 20 34 24 21 23 28
internal_value=0.00141646 0.0061531 0.000482456 -0.00458802 -0.0120488 0.00916146 -0.0257002 -0.0386164
internal_weight=56.4359 48.0049 41.0203 34.8453 26.8476 10.5132 16.3343 11.8485
internal_count=243 207 177 150 116 45 71 51
is_linear=0
shrinkage=0.05


Tree=31
num_leaves=10
num_cat=0
split_feature=4 10 6 6 21 5 10 15 5
split_gain=2.88205 2.92674 4.88205 4.64554 4.78509 3.53888 3.52769 2.64668 1.00784
threshold=1.6119500000000002 21.650000000000002 0.0021500000000000004 0.00055000000000000003 -9.0304004642905902 37.500000000000007 32.45000000000001 0.12378277447502985 30.500000000000004
decision_type=2 2 2 2 2 2 2 2 2
left_child=1 3 6 4 -1 -5 7 -3 -6
right_child=-2 2 -4 5 8 -7 -8 -9 -10
leaf_value=0.005612359571601536 0.030320345063808585 0.01549812832219922 -0.033688269108007214 -0.021511652371406793 -0.067936867657839392 0.039620075844133545 -0.016268870697921128 0.061029397431005911 -0.038200126677579438
leaf_weight=5.3316852450370815 6.0785357058048239 9.2147861123085075 5.9338071495294562 4.560775622725485 5.2174741029739398 4.9226556718349457 5.3965200781822196 4.8830121159553519 6.2777340263128281
leaf_count=23 26 39 26 20 25 21 23 21 27
internal_value=-0.00224834 -0.0060747 0.00602185 -0.0177656 -0.0335383 0.0102206 0.0181091 0.0312687 -0.0516971
internal_weight=57.817 51.7385 25.4281 26.3103 16.8269 9.48343 19.4943 14.0978 11.4952
internal_count=251 225 109 116 75 41 83 60 52
is_linear=0
shrinkage=0.05


Tree=32
num_leaves=11
num_cat=0
split_feature=25 24 21 13 23 25 24 22 24 14
split_gain=2.95022 4.19465 3.03004 4.07713 4.73675 3.00449 3.41433 3.12209 2.1618 2.10124
threshold=2.3864557363298942 1.5715615605759183 -4.4676266478627324 2.2900000000000005 2.5000000000000004 0.68321319627831634 -1.0335842085549414 -0.109023862079604 0.24165846223849727 1.7674899715809602
decision_type=2 2 2 2 2 2 2 2 2 2
left_child=1 2 5 8 -5 6 -1 -8 9 -4
right_child=-2 -3 3 4 -6 -7 7 -9 -10 -11
leaf_value=-0.040835189608157393 -0.034536016993681203 0.038240312169577018 0.064265238338928526 0.020255098368583711 -0.043633107369594172 -0.050475191067422813 0.039676196702974176 -0.016108225580473146 0.0010649542711884958 0.017223674063407138
leaf_weight=4.7355758696794519 5.7541412711143485 7.3469024896621695 4.6491916328668612 5.467048451304434 6.1816198527812958 5.0585219115018836 4.8222970813512802 5.2267091870307922 5.5932699888944617 4.8504548370838165
leaf_count=20 25 31 20 23 28 23 21 22 25 21
internal_value=-0.000503553 0.00312748 -0.00241018 0.0085744 -0.0136486 -0.0172136 -0.00583315 0.0106615 0.025726 0.0402461
internal_weight=59.6857 53.9316 46.5847 26.7416 11.6487 19.8431 14.7846 10.049 15.0929 9.49965
internal_count=259 234 203 117 51 86 63 43 66 41
is_linear=0
shrinkage=0.05


Tree=33
num_leaves=11
num_cat=0
split_feature=16 16 11 5 10 20 7 25 25 7
split_gain=3.39434 3.93687 2.86857 6.03436 3.56644 5.10696 3.0867 2.9748 1.97829 0.833797
threshold=-5.8250014529275909 -6.2449282001339315 -2.3499999999999992 28.500000000000004 21.250000000000004 1.1167574848540853 0.27900000000000008 0.15368292535283176 1.1744516605079254 0.14750000000000002
decision_type=2 2 2 2 2 2 2 2 2 2
left_child=1 -1 3 9 -5 -6 7 -4 -9 -2
right_child=2 -3 6 4 5 -7 -8 8 -10 -11
leaf_value=-0.0066286141545748986 0.021612637529721028 0.050600392904886042 -0.005372529961456869 0.017394129223221342 -0.063178983253621729 0.0068909004267404018 0.0077955022522657015 -0.07656532014706309 -0.027540254898695611 0.051533505581409678
leaf_weight=5.7815795242786407 4.6953813433647174 6.2576210200786573 5.3581990003585842 5.8212844431400326 5.7346338629722577 4.7578845322132111 6.3684495687484732 4.3214003592729551 3.9283379912376404 4.6187338978052139
leaf_count=25 20 27 23 25 25 20 27 20 20 20
internal_value=-0.000497044 0.0231173 -0.00673107 0.00434031 -0.0139922 -0.0314054 -0.0209346 -0.0343802 -0.0532207 0.03645
internal_weight=57.6435 12.0392 45.6043 25.6279 16.3138 10.4925 19.9764 13.6079 8.24974 9.31412
internal_count=252 52 200 110 70 45 90 63 40 40
is_linear=0
shrinkage=0.05


Tree=34
num_leaves=10
num_cat=0
split_feature=2 10 17 20 16 22 11 25 14
split_gain=3.28402 3.43363 3.36111 4.90499 3.81704 4.50861 2.61939 3.01012 1.7441
threshold=1.9716000000000002 24.150000000000002 2.2969976150330367 1.3223224798888402 -4.7236808071297069 -0.085313308579875818 -2.9499999999999997 -0.38744678589224896 1.9828170915165571
decision_type=2 2 2 2 2 2 2 2 2
left_child=2 -2 3 4 5 -1 7 -6 -8
right_child=1 -3 -4 -5 6 -7 8 -9 -10
leaf_value=-0.01960072145047391 -0.0030180544607108077 0.050598293298519718 -0.040198910811973042 0.044084594803777813 -0.034003689315525013 0.041808460894001136 -0.019021974695764606 0.018609605499984385 -0.058853879555875212
leaf_weight=5.5795512348413467 6.689139172434805 5.3939607292413712 7.0287766009569159 4.910226806998252 4.8523951172828674 6.43740870058536 5.4761328697204679 6.1818732023239082 5.5168489515781403
leaf_count=25 29 23 30 21 21 27 25 27 26
internal_value=-0.00227987 0.0209166 -0.00837525 -0.00263312 -0.00937126 0.0132958 -0.0217373 -0.00452745 -0.0390117
internal_weight=58.0663 12.0831 45.9832 38.9544 34.0442 12.017 22.0273 11.0343 10.993
internal_count=254 52 202 172 151 52 99 48 51
is_linear=0
shrinkage=0.05


end of trees

feature_importances:
dist_htf_ma=35
adx=25
slope_htf=23
er_chg20=22
dist_base_ma=17
trendAge=15
gapRatio=15
er=15
adx_slope=15
volatility_spike=15
atr_contract50=15
close_ma30_atr=14
wickRatio=13
st_dist_change=13
adx_chg20=13
bodyAtrRatio=11
atr_trend=9
mom5=8
momentum=7
vol100=6
er20=3
flipDensity=1

parameters:
[boosting: gbdt]
[objective: binary]
[metric: auc]
[tree_learner: serial]
[device_type: cpu]
[data_sample_strategy: bagging]
[data: ]
[valid: ]
[num_iterations: 300]
[learning_rate: 0.05]
[num_leaves: 31]
[num_threads: 0]
[seed: 42]
[deterministic: 0]
[force_col_wise: 0]
[force_row_wise: 0]
[histogram_pool_size: -1]
[max_depth: -1]
[min_data_in_leaf: 20]
[min_sum_hessian_in_leaf: 0.001]
[bagging_fraction: 0.8]
[pos_bagging_fraction: 1]
[neg_bagging_fraction: 1]
[bagging_freq: 1]
[bagging_seed: 400]
[bagging_by_query: 0]
[feature_fraction: 0.9]
[feature_fraction_bynode: 1]
[feature_fraction_seed: 30056]
[extra_trees: 0]
[extra_seed: 12879]
[early_stopping_round: 0]
[early_stopping_min_delta: 0]
[first_metric_only: 0]
[max_delta_step: 0]
[lambda_l1: 0]
[lambda_l2: 0]
[linear_lambda: 0]
[min_gain_to_split: 0]
[drop_rate: 0.1]
[max_drop: 50]
[skip_drop: 0.5]
[xgboost_dart_mode: 0]
[uniform_drop: 0]
[drop_seed: 17869]
[top_rate: 0.2]
[other_rate: 0.1]
[min_data_per_group: 100]
[max_cat_threshold: 32]
[cat_l2: 10]
[cat_smooth: 10]
[max_cat_to_onehot: 4]
[top_k: 20]
[monotone_constraints: ]
[monotone_constraints_method: basic]
[monotone_penalty: 0]
[feature_contri: ]
[forcedsplits_filename: ]
[refit_decay_rate: 0.9]
[cegb_tradeoff: 1]
[cegb_penalty_split: 0]
[cegb_penalty_feature_lazy: ]
[cegb_penalty_feature_coupled: ]
[path_smooth: 0]
[interaction_constraints: ]
[verbosity: -1]
[saved_feature_importance_type: 0]
[use_quantized_grad: 0]
[num_grad_quant_bins: 4]
[quant_train_renew_leaf: 0]
[stochastic_rounding: 1]
[linear_tree: 0]
[max_bin: 255]
[max_bin_by_feature: ]
[min_data_in_bin: 3]
[bin_construct_sample_cnt: 200000]
[data_random_seed: 175]
[is_enable_sparse: 1]
[enable_bundle: 1]
[use_missing: 1]
[zero_as_missing: 0]
[feature_pre_filter: 1]
[pre_partition: 0]
[two_round: 0]
[header: 0]
[label_column: ]
[weight_column: ]
[group_column: ]
[ignore_column: ]
[categorical_feature: ]
[forcedbins_filename: ]
[precise_float_parser: 0]
[parser_config_file: ]
[objective_seed: 16083]
[num_class: 1]
[is_unbalance: 0]
[scale_pos_weight: 1]
[sigmoid: 1]
[boost_from_average: 1]
[reg_sqrt: 0]
[alpha: 0.9]
[fair_c: 1]
[poisson_max_delta_step: 0.7]
[tweedie_variance_power: 1.5]
[lambdarank_truncation_level: 30]
[lambdarank_norm: 1]
[label_gain: ]
[lambdarank_position_bias_regularization: 0]
[eval_at: ]
[multi_error_top_k: 1]
[auc_mu_weights: ]
[num_machines: 1]
[local_listen_port: 12400]
[time_out: 120]
[machine_list_filename: ]
[machines: ]
[gpu_platform_id: -1]
[gpu_device_id: -1]
[gpu_device_id_list: ]
[gpu_use_dp: 0]
[num_gpu: 1]

end of parameters

pandas_categorical:null
