tree
version=v4
num_class=1
num_tree_per_iteration=1
label_index=0
max_feature_idx=27
objective=regression
feature_names=dir confidence bodyAtrRatio flipDensity wickRatio trendAge gapRatio er momentum atr_trend adx adx_slope flip_count volatility_spike mom5 atr_contract50 st_dist_change close_ma30_atr flip50 er20 dist_base_ma adx_chg20 er_chg20 vol100 slope_htf dist_htf_ma v3_score v3_pass
feature_infos=[-1:1] [50:100] [0.032800000000000003:4.2256] [0.02:0.080000000000000002] [0.00069999999999999999:35.436999999999998] [1:307] [0:0.052900000000000003] [0:0.63200000000000001] [-4.8099999999999996:7.1600000000000001] [-49.68:299.94999999999999] [9.5999999999999996:56.5] [-24.300000000000001:17.5] [1:4] [1.04:4.6799999999999997] [0:4.874015032680262] [-0.79500208349411017:3.2265555517229512] [-7.9032471659858672:8.1418484477652022] [0:4.2455156096189404] [0:4] [0:0.63222083083785208] [-4.6707173281336241:6.2270306383660357] [-31.138087268837587:35.777396270536713] [-0.83073956696947304:0.56919989529319059] [0:44] [-6.261967118598359:6.8567552572353394] [-8.8790387509913842:12.770827496520104] [0:100] [0:1]
tree_sizes=1198 1360 1363 1351 1361 1358 1271 1358 1446 1445 1278 1338 1517 1447 1355 1360 1358 1367 1354 1360 1355 1449 1445

Tree=0
num_leaves=13
num_cat=0
split_feature=15 10 10 25 21 19 15 10 17 16 15 23
split_gain=10.6673 3.25318 1.01891 1.13692 1.49878 0.838568 0.351326 0.319257 0.304451 0.25517 0.240648 0.226815
threshold=-0.33624368534412397 18.750000000000004 26.050000000000004 -0.60514203926964727 -7.6645798838685311 0.26228462256819957 0.27357600126568754 21.450000000000003 1.5271855725033208 -3.3038634233746533 0.30982322479838081 4.5000000000000009
decision_type=2 2 2 2 2 2 2 2 2 2 2 2
left_child=1 -1 3 9 6 7 -5 -6 10 -2 -4 -10
right_child=2 -3 8 4 5 -7 -8 -9 11 -11 -12 -13
leaf_value=0.76311589698673943 0.7190462527663295 0.74053809978713192 0.72352540507554997 0.72156492260046479 0.73633811167571506 0.74466755818330865 0.72923799750259222 0.72894015758747843 0.72282259546807481 0.7261393924118732 0.71654668253887965 0.72992387290968574
leaf_weight=27 21 39 30 26 35 22 35 25 23 32 21 22
leaf_count=27 21 39 30 26 35 22 35 25 23 32 21 22
internal_value=0.73162 0.749774 0.727517 0.729584 0.731902 0.736317 0.725968 0.733256 0.723297 0.723329 0.720652 0.726294
internal_weight=358 66 292 196 143 82 61 60 96 53 51 45
internal_count=358 66 292 196 143 82 61 60 96 53 51 45
is_linear=0
shrinkage=1


Tree=1
num_leaves=14
num_cat=0
split_feature=15 20 20 8 17 20 20 14 6 17 20 3 22
split_gain=8.65334 2.10302 1.57714 0.62072 0.705484 1.08958 1.02105 0.454821 0.315632 0.203429 0.187541 0.367223 0.196323
threshold=-0.28703667688493278 0.64761698107702903 -0.65942300895663652 2.2800000000000007 1.7416796931128264 -1.175510528703599 0.93445572351278172 1.2025707847870937 0.0038500000000000006 2.3877263225570267 0.52990960520917396 0.05000000000000001 -0.096212918393174932
decision_type=2 2 2 2 2 2 2 2 2 2 2 2 2
left_child=1 2 -1 4 7 9 -7 -2 10 -6 11 12 -9
right_child=3 -3 -4 -5 5 6 -8 8 -10 -11 -12 -13 -14
leaf_value=0.0098547639101053824 0.00029846882143129525 0.0016577228866517545 0.026041085334659059 -0.010909881832588826 -0.0090321922085702406 0.011559298075287818 -0.0015216072138199317 -0.0046992934104055171 -0.012564138301448631 -0.0024156757796715417 -0.0088791276869773297 -0.0098881474323570737 0.0019469510810449721
leaf_weight=27 26 25 34 31 26 26 35 25 21 21 33 20 20
leaf_count=27 26 25 34 31 26 26 35 25 21 21 33 20 20
internal_value=-2.42503e-05 0.0138711 0.0188766 -0.00423201 -0.00341377 -0.000354451 0.00405386 -0.00569244 -0.00700138 -0.00607588 -0.00580936 -0.00425087 -0.00174541
internal_weight=370 86 61 284 253 108 61 145 119 47 98 65 45
internal_count=370 86 61 284 253 108 61 145 119 47 98 65 45
is_linear=0
shrinkage=0.05


Tree=2
num_leaves=14
num_cat=0
split_feature=15 10 10 14 6 15 25 17 8 6 11 11 23
split_gain=11.0641 2.99044 0.750026 0.789446 0.622431 0.404468 0.3536 0.283979 0.320684 0.334664 0.28079 0.273474 0.0795665
threshold=-0.28703667688493278 20.050000000000004 19.750000000000004 1.3766844060564971 0.00025000000000000006 -0.036140449097864284 0.53019051602287548 2.1666569667737066 1.3550000000000002 0.00055000000000000003 -4.0499999999999989 -6.5499999999999989 1.0000000180025095e-35
decision_type=2 2 2 2 2 2 2 2 2 2 2 2 2
left_child=1 -1 3 -2 -3 10 12 8 9 11 -4 -7 -5
right_child=2 4 5 6 -6 7 -8 -9 -10 -11 -12 -13 -14
leaf_value=0.026594351960990865 0.0079751608449788319 0.0015632713763889942 0.002137586964471709 -0.0082164361385539883 0.013750752126798034 -0.00080791734666986904 0.0011472513963436258 -0.0037540351380716619 -0.014324247748369262 -0.011835327115841211 -0.0051374901732843788 -0.008049588764333749 -0.003809848031960428
leaf_weight=39 21 22 21 21 20 22 29 38 21 28 36 32 20
leaf_count=39 21 22 21 21 20 22 29 38 21 28 36 32 20
internal_value=0.000292757 0.0166245 -0.00428466 -0.000527401 0.00736683 -0.00601148 -0.00307817 -0.00744832 -0.00881126 -0.00739939 -0.0024572 -0.00509928 -0.00606688
internal_weight=370 81 289 91 42 198 70 141 103 82 57 54 41
internal_count=370 81 289 91 42 198 70 141 103 82 57 54 41
is_linear=0
shrinkage=0.05


Tree=3
num_leaves=14
num_cat=0
split_feature=21 7 23 11 22 20 17 14 8 21 23 13 9
split_gain=2.34045 4.02312 3.66705 0.882914 0.984154 0.602878 1.01276 1.12795 0.469305 0.280146 0.268922 0.526132 0.229345
threshold=-7.3449667120541644 0.32800000000000007 5.5000000000000009 2.7500000000000004 0.080311257605719569 -1.1507306782471318 1.6741276822299429 1.4244265003556895 1.7350000000000001 2.1221130487427922 1.5000000000000002 2.1250000000000004 -3.8149999999999995
decision_type=2 2 2 2 2 2 2 2 2 2 2 2 2
left_child=8 3 -3 5 -5 -2 7 -7 10 -9 11 -1 -12
right_child=1 2 -4 4 -6 6 -8 9 -10 -11 12 -13 -14
leaf_value=0.0049615088710561403 -0.0089068873320852782 0.0032081273829807407 0.032482233373448258 0.0098311517698069419 -0.0030375232764830191 0.0050979001345112926 0.0064892934867280668 -0.0038018771801143891 -0.011142558747388681 -0.010968470033258201 -0.0099422165131925252 -0.0065072753839194785 -0.0031477762317215956
leaf_weight=20 27 23 20 39 24 25 35 25 29 30 23 20 27
leaf_count=20 27 23 20 39 24 25 35 25 29 30 23 20 27
internal_value=0.000153191 0.00291908 0.016824 2.43974e-06 0.0049288 -0.0021832 -0.000604594 -0.00370817 -0.00561101 -0.00771093 -0.00382863 -0.000772883 -0.00627322
internal_weight=367 248 43 205 63 142 115 80 119 55 90 40 50
internal_count=367 248 43 205 63 142 115 80 119 55 90 40 50
is_linear=0
shrinkage=0.05


Tree=4
num_leaves=14
num_cat=0
split_feature=15 10 10 9 15 15 24 22 20 15 4 16 15
split_gain=6.7611 2.57059 1.25941 1.11134 0.722953 0.543792 0.387073 0.471273 0.356256 0.419087 0.317517 0.260913 0.242381
threshold=-0.44349132862390911 21.550000000000004 20.150000000000002 -17.759999999999994 0.13399961026782495 -0.1872619819690767 0.72406157544677796 0.034629093391162415 1.4214596233720227 0.58552570654783598 0.38585000000000008 -2.8445283739794278 0.053449738549871791
decision_type=2 2 2 2 2 2 2 2 2 2 2 2 2
left_child=1 -1 3 -2 6 -5 7 10 9 11 -4 -6 -7
right_child=2 -3 4 5 8 12 -8 -9 -10 -11 -12 -13 -14
leaf_value=0.029942694010043687 0.010987250150545785 0.0051750531420111656 0.00083378238206798275 0.0056881521572358911 -0.01444444266613573 -0.0077257688428896175 -0.0078435799762330682 0.0053220253797586665 -0.014305707626044752 -0.0028954801182927833 -0.0064288950639178541 -0.0067118768657868106 -0.0012740094453801175
leaf_weight=22 23 20 27 20 20 24 27 22 21 35 34 24 37
leaf_count=22 23 20 27 20 20 24 27 22 21 35 34 24 37
internal_value=-0.000691979 0.0181486 -0.00321205 0.00128762 -0.00544047 -0.00146659 -0.00264329 -0.000951636 -0.00851736 -0.00697868 -0.00321427 -0.0102267 -0.00381241
internal_weight=356 42 314 104 210 81 110 83 100 79 61 44 61
internal_count=356 42 314 104 210 81 110 83 100 79 61 44 61
is_linear=0
shrinkage=0.05


Tree=5
num_leaves=14
num_cat=0
split_feature=15 10 16 11 22 20 10 25 22 15 5 16 7
split_gain=7.05279 3.73281 3.13616 0.767523 0.82998 0.521332 0.427289 0.371553 0.343787 0.307845 0.317718 0.283677 0.101663
threshold=-0.27298105231790648 22.550000000000004 5.2147297266093062 2.7500000000000004 0.080311257605719569 -1.6006437917385898 20.150000000000002 2.1931087693339495 -0.06956032652201051 0.22010838841654171 31.500000000000004 -2.0174490285240863 0.24100000000000002
decision_type=2 2 2 2 2 2 2 2 2 2 2 2 2
left_child=1 2 -1 5 -5 -2 8 9 -7 11 -11 -8 -10
right_child=3 -3 -4 4 -6 6 7 -9 12 10 -12 -13 -14
leaf_value=0.011115711252205075 -0.011367214115646979 -0.0024196442650181466 0.035576818725094203 0.0082811545891066391 -0.0051640022800050001 0.0026570518413791436 -0.0063816338676311399 -0.011922089649703016 -0.0017753022816032174 -0.012098055308028549 -0.0044300371115761142 0.00089824930882969061 -0.0068167092511430384
leaf_weight=38 30 29 20 24 22 32 23 22 20 22 35 32 20
leaf_count=38 30 29 20 24 22 32 23 22 20 22 35 32 20
internal_value=-0.000218037 0.0122272 0.0195506 -0.00405752 0.00185086 -0.00520915 -0.00431234 -0.00598155 -0.00120576 -0.00481466 -0.00738962 -0.00214607 -0.00429601
internal_weight=369 87 58 282 46 236 206 134 72 112 57 55 40
internal_count=369 87 58 282 46 236 206 134 72 112 57 55 40
is_linear=0
shrinkage=0.05


Tree=6
num_leaves=13
num_cat=0
split_feature=10 21 20 20 8 20 17 20 10 9 25 26
split_gain=3.51047 5.96075 1.01373 1.62292 0.481391 0.554617 0.575564 0.479653 0.309647 0.305911 0.260475 0.123204
threshold=19.950000000000003 1.1970228799140854 0.89313477814424591 -0.76438009276217367 1.8450000000000004 -1.4984251463457146 1.5936940826023196 0.69467488899621099 26.050000000000004 24.160000000000004 0.36774332934499443 90.000000000000014
decision_type=2 2 2 2 2 2 2 2 2 2 2 2
left_child=1 2 3 -1 5 -2 8 -8 9 -7 -10 -4
right_child=4 -3 11 -5 -6 6 7 -9 10 -11 -12 -13
leaf_value=-0.0023572081316481619 -0.0084907831236099209 0.027438806390596759 -0.0078557356144301604 0.013743711953404651 -0.0097046355203051007 -0.0047572936026241495 0.0064439297006174462 -0.0022827316976843344 -0.0037677830879769511 0.0028413689729999397 -0.010604152985086497 -0.0023723450444993518
leaf_weight=34 36 27 20 29 29 27 32 31 38 26 22 21
leaf_count=34 36 27 20 29 29 27 32 31 38 26 22 21
internal_value=-8.16227e-05 0.00650638 0.00107201 0.00505433 -0.00366266 -0.00283616 -0.00167953 0.00214986 -0.0038145 -0.00102965 -0.00627445 -0.00504717
internal_weight=372 131 104 63 241 212 176 63 113 53 60 41
internal_count=372 131 104 63 241 212 176 63 113 53 60 41
is_linear=0
shrinkage=0.05


Tree=7
num_leaves=14
num_cat=0
split_feature=15 5 10 21 22 15 22 1 9 10 22 10 5
split_gain=7.57608 3.38996 1.34638 1.39839 0.607431 0.580942 0.405314 0.585754 0.295454 0.233673 0.220486 0.260059 0.14029
threshold=-0.44349132862390911 51.500000000000007 20.150000000000002 -0.048069099327674884 -0.06956032652201051 0.13399961026782495 -0.21010071749220874 60.000000000000007 14.840000000000002 16.450000000000003 -0.10970386259889307 32.850000000000001 32.500000000000007
decision_type=2 2 2 2 2 2 2 2 2 2 2 2 2
left_child=1 -1 3 4 -2 6 -4 8 -8 -6 11 -7 -12
right_child=2 -3 5 -5 9 10 7 -9 -10 -11 12 -13 -14
leaf_value=0.0066301776173834995 0.0038952783319271276 0.034138114018631836 -0.0074749753411327089 0.011910625605809468 -0.00079011547014765115 -0.0026282176077502837 0.0060725458414078908 -0.0073283175026754967 -0.0009639986188683127 -0.0075387108300266599 -0.012231396351541792 -0.0098135737143456945 -0.0067484935501124707
leaf_weight=24 36 21 28 27 23 34 26 23 35 29 28 20 20
leaf_count=24 36 21 28 27 23 34 26 23 35 29 28 20 20
internal_value=0.0002253 0.0194672 -0.00240657 0.00195671 -0.00109733 -0.00475133 -0.00226522 -0.000528632 0.00203518 -0.00455376 -0.00748117 -0.00528946 -0.00994685
internal_weight=374 45 329 115 88 214 112 84 61 52 102 54 48
internal_count=374 45 329 115 88 214 112 84 61 52 102 54 48
is_linear=0
shrinkage=0.05


Tree=8
num_leaves=15
num_cat=0
split_feature=15 10 21 17 20 20 15 22 20 16 17 13 6 8
split_gain=4.49902 1.30878 1.32597 0.734674 0.719545 1.00743 0.522461 0.26815 0.258987 0.325168 0.357912 0.343148 0.173736 0.116874
threshold=-0.50310680386313267 20.150000000000002 0.35316774274704527 1.5378508524599883 1.0772632531056872 -0.74324156267759312 0.13399961026782495 -0.10970386259889307 -1.3304071813989831 2.4669756271859273 1.8407753712421566 2.2750000000000004 0.00045000000000000004 -0.079999999999999988
decision_type=2 2 2 2 2 2 2 2 2 2 2 2 2 2
left_child=-1 2 3 -2 5 -5 8 12 -3 11 -11 -10 -8 -9
right_child=1 6 -4 4 -6 -7 7 13 9 10 -12 -13 -14 -15
leaf_value=0.017167288836036975 -0.0084552897225049408 -0.0066502101869749218 0.012300887847175965 -0.0019424533646088095 -0.005510032337836244 0.012399213694036008 -0.0023327901863288421 -0.0073414180893450979 0.0064548454839614749 -0.0076022191749264799 0.0011011422001978471 -0.0018560858609917988 -0.0077978785167663149 -0.012746828934177758
leaf_weight=34 22 24 26 24 22 25 33 20 23 27 21 27 26 20
leaf_count=34 22 24 26 24 22 25 33 20 23 27 21 27 26 20
internal_value=-0.000174466 -0.00190864 0.00231889 -0.000471781 0.00200198 0.00537472 -0.004185 -0.00688376 -0.00199503 -0.000854988 -0.0037945 0.00196694 -0.00474113 -0.0100441
internal_weight=374 340 119 93 71 49 221 99 122 98 48 50 59 40
internal_count=374 340 119 93 71 49 221 99 122 98 48 50 59 40
is_linear=0
shrinkage=0.05


Tree=9
num_leaves=15
num_cat=0
split_feature=15 7 10 21 15 9 21 17 26 13 20 15 8 16
split_gain=6.47601 3.25334 0.911674 1.04191 0.48979 0.444363 0.538183 0.311199 0.300371 0.529143 0.235671 0.308822 0.120195 0.097743
threshold=-0.43148626747405827 0.22750000000000004 19.950000000000003 -0.048069099327674884 0.290591351514282 -3.5699999999999998 -8.6911740964145405 2.5225587586895402 90.000000000000014 2.1250000000000004 1.3118365844331816 0.58552570654783598 -0.53499999999999992 5.4492348902106977
decision_type=2 2 2 2 2 2 2 2 2 2 2 2 2 2
left_child=1 -1 3 5 7 6 -2 8 12 -10 11 -6 -4 -14
right_child=2 -3 4 -5 10 -7 -8 -9 9 -11 -12 -13 13 -15
leaf_value=0.0068090179935097698 -0.0026361558586359027 0.031702464101614342 -0.0086836488172411918 0.011637174187316782 -0.0098023595362901686 -0.0048939149927448586 0.008578609114047139 0.0031123082214237555 0.0049085378876188778 -0.0049408003563682244 -0.011602639442398435 -0.0026469835643901638 -0.0020682230471046987 -0.0065579263927330357
leaf_weight=35 23 21 20 21 25 37 20 23 25 30 21 38 27 22
leaf_count=35 23 21 20 21 25 37 20 23 25 30 21 38 27 22
internal_value=0.000415714 0.0161441 -0.00223726 0.00172521 -0.00396977 -0.000876678 0.00258001 -0.00222937 -0.00322016 -0.000463828 -0.00701547 -0.00548642 -0.00541724 -0.00408401
internal_weight=388 56 332 101 231 80 43 147 124 55 84 63 69 49
internal_count=388 56 332 101 231 80 43 147 124 55 84 63 69 49
is_linear=0
shrinkage=0.05


Tree=10
num_leaves=13
num_cat=0
split_feature=15 26 24 10 25 21 20 8 26 25 13 9
split_gain=5.16859 3.33081 0.604581 0.490587 0.646537 1.16618 0.306229 0.256237 0.296643 0.325289 0.291089 0.181993
threshold=-0.28703667688493278 1.0000000180025095e-35 -0.61520612767023974 19.750000000000004 1.0000000180025095e-35 -7.3449667120541644 -1.4984251463457146 1.8450000000000004 90.000000000000014 0.18427739932157586 2.1250000000000004 14.310000000000002
decision_type=2 2 2 2 2 2 2 2 2 2 2 2
left_child=1 2 -1 4 -2 -6 -5 8 9 11 -10 -8
right_child=3 -3 -4 6 5 -7 7 -9 10 -11 -12 -13
leaf_value=-0.0037810637806118888 -0.0050680761850838149 0.022108617000795236 0.0078128062937732629 -0.0084669208428000704 -0.004820756264962256 0.0096645372193024468 -0.0048940916060625263 -0.0074707340706011349 0.0034498613744014593 -0.0091950825570772093 -0.0036241431478769163 0.0015639765188097954
leaf_weight=22 35 39 23 34 24 33 24 29 33 24 26 20
leaf_count=22 35 39 23 34 24 33 24 29 33 24 26 20
internal_value=0.000526849 0.0114137 0.00214469 -0.00271603 0.000280966 0.00356547 -0.00416721 -0.00323009 -0.00226176 -0.00451266 0.000332503 -0.00195861
internal_weight=366 84 45 282 92 57 190 156 127 68 59 44
internal_count=366 84 45 282 92 57 190 156 127 68 59 44
is_linear=0
shrinkage=0.05


Tree=11
num_leaves=14
num_cat=0
split_feature=15 9 13 8 10 25 13 24 16 2 24 22 7
split_gain=5.4442 2.63873 2.44249 0.50896 0.594724 0.871461 0.520024 0.430461 0.398373 0.282855 0.321079 0.15969 0.128553
threshold=-0.29315020948728598 22.790000000000003 2.0150000000000001 2.2800000000000007 19.750000000000004 1.2016152516010103 1.675 0.52949795461041627 -0.45741159384981261 1.4049500000000001 -1.0000000180025095e-35 -0.1041706002221828 0.17050000000000004
decision_type=2 2 2 2 2 2 2 2 2 2 2 2 2
left_child=1 2 -1 4 5 8 -6 9 -2 12 -11 -9 -8
right_child=3 -3 -4 -5 6 -7 7 11 -10 10 -12 -13 -14
leaf_value=0.009300877891170482 0.0015488540244011865 0.0019379993623777016 0.032959632867714389 -0.0092601152003875791 0.0018765910761430861 0.010171190733533531 -0.003752743700471033 -0.0061177598349750045 -0.0068307991746975024 -0.0038969152861020786 0.0037987956878445719 -0.011890676901068377 -0.0088894725685739629
leaf_weight=24 37 37 20 28 34 21 29 25 23 33 23 23 21
leaf_count=24 37 37 20 28 34 21 29 25 23 33 23 23 21
internal_value=0.000289076 0.0117793 0.0200549 -0.00284461 -0.00217682 0.00140487 -0.00372 -0.00495561 -0.00166335 -0.00317674 -0.000736177 -0.00888395 -0.00591017
internal_weight=378 81 44 297 269 81 188 154 60 106 56 48 50
internal_count=378 81 44 297 269 81 188 154 60 106 56 48 50
is_linear=0
shrinkage=0.05


Tree=12
num_leaves=16
num_cat=0
split_feature=15 26 4 17 19 8 13 24 20 20 17 4 16 14 2
split_gain=3.9731 3.19474 1.78395 0.540566 0.452961 0.392429 0.495376 0.361459 0.350171 0.334617 0.320768 0.338309 0.267622 0.120238 0.0537028
threshold=-0.27298105231790648 1.0000000180025095e-35 0.36485000000000006 2.5909852474512109 0.13447102954576651 1.3550000000000002 1.675 0.059183497899505812 0.30777763725266455 0.88034295279245545 1.7416796931128264 0.42645000000000005 6.0059283630526643 1.5849536658615391 1.3631000000000002
decision_type=2 2 2 2 2 2 2 2 2 2 2 2 2 2 2
left_child=1 4 -3 5 -1 6 7 -2 10 -10 13 -12 -7 -8 -15
right_child=3 2 -4 -5 -6 12 8 -9 9 -11 11 -13 -14 14 -16
leaf_value=-0.0053832345735281709 -0.002658470366150141 0.0089858670253306627 0.030104253725148741 0.0034636159793340737 0.0045445509444646259 -0.01180036304741288 -0.0046511350199580194 0.0068475701095303517 0.0043740216328296815 -0.0042284153151110962 -0.006629666102595539 0.002456775719765574 -0.0043961583054624503 -0.0074002461423250763 -0.010787409525364638
leaf_weight=20 20 20 20 28 27 23 21 20 20 26 21 20 26 22 25
leaf_count=20 20 20 20 28 27 23 21 20 20 26 21 20 26 22 25
internal_value=-0.000141546 0.00915909 0.0195451 -0.00311638 0.000319961 -0.00387146 -0.0028663 0.00209455 -0.00414652 -0.000488225 -0.00569038 -0.00219726 -0.0078716 -0.00779654 -0.00920193
internal_weight=359 87 40 272 47 244 195 40 155 46 109 41 49 68 47
internal_count=359 87 40 272 47 244 195 40 155 46 109 41 49 68 47
is_linear=0
shrinkage=0.05


Tree=13
num_leaves=15
num_cat=0
split_feature=15 9 20 17 8 20 17 23 17 4 15 22 21 25
split_gain=2.99116 3.24163 0.59849 0.442615 0.381391 0.466301 0.506401 0.505321 0.210667 0.185148 0.184174 0.173427 0.129462 0.0673163
threshold=-0.30893442625531609 4.830000000000001 0.40210300771941815 2.6792767220376081 1.7350000000000001 -1.4984251463457146 1.5150177111767913 4.5000000000000009 1.9951631914360617 0.46970000000000006 0.22010838841654171 -0.21010071749220874 0.68140624715281295 -0.41105258843116649
decision_type=2 2 2 2 2 2 2 2 2 2 2 2 2 2
left_child=1 -1 -3 4 5 13 10 9 -6 -8 11 -7 -13 -2
right_child=3 2 -4 -5 8 6 7 -9 -10 -11 -12 12 -14 -15
leaf_value=0.02362963067231855 -0.0090477291656577072 0.005655059232958593 -0.0053707406995818019 0.003525545892234032 -0.011438795132562518 -0.0060175108740804714 -0.0053565236850686019 0.0060880312363484077 -0.0041816163109615447 0.0011370243307243547 -0.0064754943804521308 -0.0030273652543352609 0.0022221570429594622 -0.0050814294419251381
leaf_weight=24 23 32 20 26 20 20 21 35 20 23 38 24 23 20
leaf_count=24 23 32 20 26 20 20 21 35 20 23 38 24 23 20
internal_value=-0.000409303 0.00842971 0.00141437 -0.00270202 -0.00330845 -0.00251518 -0.00141968 0.00160438 -0.00781021 -0.00196217 -0.00369492 -0.00211787 -0.00045845 -0.00720294
internal_weight=369 76 52 293 267 227 184 79 40 44 105 67 47 43
internal_count=369 76 52 293 267 227 184 79 40 44 105 67 47 43
is_linear=0
shrinkage=0.05


Tree=14
num_leaves=14
num_cat=0
split_feature=15 7 11 6 9 13 21 25 11 2 7 13 23
split_gain=1.97152 1.81932 0.642007 0.62736 0.566432 0.431221 0.415621 0.847734 0.270278 0.19282 0.18715 0.159983 0.146143
threshold=-0.43148626747405827 0.18700000000000003 2.8500000000000001 0.0010500000000000004 6.0900000000000007 2.8550000000000004 -5.4427292356192032 0.58502800414362455 -2.3499999999999992 1.2483000000000002 0.18450000000000003 2.1650000000000005 1.5000000000000002
decision_type=2 2 2 2 2 2 2 2 2 2 2 2 2
left_child=1 -1 3 5 -4 6 11 10 9 -5 -8 12 -2
right_child=2 -3 4 8 -6 -7 7 -9 -10 -11 -12 -13 -14
leaf_value=-0.00071550029054008157 0.0016628984455019239 0.018003130089491608 0.0088894915428351286 -0.0084065599367022514 -0.0014680598269809376 -0.0073895775679765005 0.0012813502548462046 0.009738816678873264 -0.010994560324719974 -0.0020184050452102115 -0.00460974226365439 -0.0065520609738305216 -0.0038192226592781808
leaf_weight=27 20 25 22 21 33 28 28 24 28 27 26 25 31
leaf_count=27 20 25 22 21 33 28 28 24 28 27 26 25 31
internal_value=-0.000731757 0.00828384 -0.00222956 -0.00327509 0.00267496 -0.00168182 -0.000644048 0.00191995 -0.00709056 -0.00481322 -0.0015551 -0.00327552 -0.00166937
internal_weight=365 52 313 258 55 182 154 78 76 48 54 76 51
internal_count=365 52 313 258 55 182 154 78 76 48 54 76 51
is_linear=0
shrinkage=0.05


Tree=15
num_leaves=14
num_cat=0
split_feature=15 5 11 17 1 6 15 23 14 11 3 2 4
split_gain=4.44332 2.81576 0.686553 0.874636 0.479171 0.340627 0.301781 0.212865 0.293851 0.213428 0.118527 0.135876 0.103349
threshold=-0.43148626747405827 53.500000000000007 2.8500000000000001 2.0755362421095152 60.000000000000007 0.0022500000000000007 -0.27298105231790648 14.500000000000002 1.3766844060564971 -7.5499999999999989 0.05000000000000001 1.4049500000000001 0.34685000000000005
decision_type=2 2 2 2 2 2 2 2 2 2 2 2 2
left_child=1 -1 4 -4 5 6 -2 8 -8 -10 11 -11 -7
right_child=2 -3 3 -5 -6 12 7 -9 9 10 -12 -13 -14
leaf_value=0.0042067247438050499 0.0044823708201182037 0.028078405454843525 -0.0020770188860802191 0.010096811071038247 -0.0081707710160500071 -0.0036290508368983865 0.0017092651904871067 0.0025488983384212077 -0.00016355532154973065 -0.0059735965682193642 -0.008362887969071215 -0.000858274974217195 -0.0086512026715181069
leaf_weight=30 21 21 36 25 38 20 30 23 28 34 22 21 21
leaf_count=30 21 21 36 25 38 20 30 23 28 34 22 21 21
internal_value=0.000332685 0.0140362 -0.00185817 0.00291226 -0.00298606 -0.00209051 -0.00114892 -0.00189738 -0.0026549 -0.0039018 -0.00526116 -0.00402047 -0.00620137
internal_weight=370 51 319 61 258 220 179 158 135 105 77 55 41
internal_count=370 51 319 61 258 220 179 158 135 105 77 55 41
is_linear=0
shrinkage=0.05


Tree=16
num_leaves=14
num_cat=0
split_feature=15 17 10 21 15 20 8 17 20 20 5 7 7
split_gain=3.84209 2.07089 0.982619 0.981013 0.461303 0.358098 0.302351 0.219222 0.290172 0.283152 0.201832 0.344795 0.135422
threshold=-0.44349132862390911 1.5755959590383399 19.950000000000003 -0.84850982950118936 0.13399961026782495 1.0772632531056872 -0.86499999999999988 2.0755362421095152 0.69467488899621099 -0.88523066490679425 31.500000000000004 0.18700000000000003 0.18250000000000002
decision_type=2 2 2 2 2 2 2 2 2 2 2 2 2
left_child=1 -1 3 5 7 6 -2 8 9 -4 12 -12 -6
right_child=2 -3 4 -5 10 -7 -8 -9 -10 -11 11 -13 -14
leaf_value=0.0030006604424367353 -0.0019268776737153531 0.024717714289284272 -0.0043423594692005565 0.009953784238126491 -0.0051564293632964109 -0.0049595730025963538 0.0057742454111576087 0.0026252641808241607 -0.0068683586728114357 0.0027330144946914048 -0.0083151679253205667 0.00049271362088620658 -0.010195441246032715
leaf_weight=21 25 23 26 31 24 29 26 28 26 31 20 25 30
leaf_count=21 25 23 26 31 24 29 26 28 26 31 20 25 30
internal_value=0.0004969 0.0143528 -0.00140235 0.00240269 -0.00341358 -0.000523365 0.00199919 -0.00120043 -0.00249103 -0.000494349 -0.00589498 -0.0034219 -0.00795588
internal_weight=365 44 321 111 210 80 51 111 83 57 99 45 54
internal_count=365 44 321 111 210 80 51 111 83 57 99 45 54
is_linear=0
shrinkage=0.05


Tree=17
num_leaves=14
num_cat=0
split_feature=15 20 26 20 17 21 14 22 20 16 5 15 2
split_gain=2.64655 2.1079 2.38894 0.474251 0.602542 0.785188 0.519682 0.361648 0.267227 0.340377 0.298879 0.142973 0.0419863
threshold=-0.34189454947240977 0.5093729718476071 1.0000000180025095e-35 -1.7458841270780103 1.823244105336441 -5.0774523845690736 2.5252247235256386 -0.047692761230488892 0.82242735838687808 -0.84595278050820089 41.500000000000007 0.22010838841654171 0.88180000000000014
decision_type=2 2 2 2 2 2 2 2 2 2 2 2 2
left_child=1 2 -1 -2 8 7 -7 -6 9 10 11 -5 -10
right_child=3 -3 -4 4 5 6 -8 -9 12 -11 -12 -13 -14
leaf_value=0.004280484362971038 -0.0081284366707716684 -0.0045069270848256092 0.026589601899364164 -0.0046277786575017439 0.00096510157535045326 0.011663273312151431 0.0014490674870709578 -0.0068028948119571138 -0.0086489256160954646 0.0012607167147320863 -0.00046470310150956119 -0.010050110798329116 -0.0056913671557725018
leaf_weight=28 35 23 21 31 29 20 33 31 21 39 30 20 28
leaf_count=28 35 23 21 31 29 20 33 31 21 39 30 20 28
internal_value=-0.000673416 0.00798022 0.0138415 -0.00263891 -0.00195759 0.000868875 0.00530348 -0.00304836 -0.00384747 -0.00257697 -0.00442475 -0.00675418 -0.00695889
internal_weight=389 72 49 317 282 113 53 60 169 120 81 51 49
internal_count=389 72 49 317 282 113 53 60 169 120 81 51 49
is_linear=0
shrinkage=0.05


Tree=18
num_leaves=14
num_cat=0
split_feature=15 5 10 15 2 15 17 20 4 13 26 9 9
split_gain=3.06606 2.28146 0.626366 0.922216 0.513263 0.366132 0.294545 0.286994 0.264189 0.251541 0.290169 0.190414 0.116578
threshold=-0.44349132862390911 51.500000000000007 19.950000000000003 -0.20627440459070426 1.4723000000000002 0.27357600126568754 2.0755362421095152 0.82242735838687808 0.26625000000000004 2.1050000000000004 90.000000000000014 43.085000000000001 10.075000000000001
decision_type=2 2 2 2 2 2 2 2 2 2 2 2 2
left_child=1 -1 3 -2 5 -5 7 9 -8 10 -4 -11 -9
right_child=2 -3 6 4 -6 -7 8 12 -10 11 -12 -13 -14
leaf_value=0.0015897575322361219 0.010613460267853479 0.025186069915071132 -0.0032873621258627753 -0.0075669386390862722 0.0045572454249486324 0.00067292711912439419 -0.0033313812772658743 -0.0101278181462972 0.0029487485278343016 -0.0027122399984644014 0.0045411517057800665 -0.0083726969023700804 -0.0049195739440619952
leaf_weight=21 23 20 29 28 30 26 33 22 34 39 20 24 21
leaf_count=21 23 20 29 28 30 26 33 22 34 39 20 24 21
internal_value=0.000206814 0.0131002 -0.00139995 0.00174251 -0.000686438 -0.0035996 -0.00291457 -0.00411197 -0.00014445 -0.00277886 -9.20504e-05 -0.0048686 -0.00758426
internal_weight=370 41 329 107 84 54 222 155 67 112 49 63 43
internal_count=370 41 329 107 84 54 222 155 67 112 49 63 43
is_linear=0
shrinkage=0.05


Tree=19
num_leaves=14
num_cat=0
split_feature=17 15 20 20 7 17 19 7 25 4 2 11 8
split_gain=2.37062 0.915963 0.852663 1.34522 0.572338 0.244833 0.545985 0.37814 0.280662 0.27641 0.233275 0.165756 0.0934168
threshold=2.6792767220376081 -0.20627440459070426 0.82242735838687808 -0.8104204033370892 0.16950000000000004 1.3489959861741727 0.16651575959130913 0.12450000000000001 1.2016152516010103 0.50400000000000011 0.7511000000000001 -2.3499999999999992 -0.98999999999999988
decision_type=2 2 2 2 2 2 2 2 2 2 2 2 2
left_child=1 2 3 -1 -5 9 7 -7 10 -3 -8 12 -12
right_child=-2 5 -4 4 -6 6 8 -9 -10 -11 11 -13 -14
leaf_value=-0.0037795530390684253 0.012441770514207228 -0.0023549246494784151 -0.0050172617020844308 0.0040864042806155656 0.014648130062389478 -0.0011717560839045931 -0.00064236683297760628 0.0078990964754484597 0.00071393462297107495 -0.0085533080037151054 -0.0068500210575404624 -0.0095133141778340497 -0.002133869601502305
leaf_weight=27 35 37 27 23 29 27 23 20 28 35 21 27 21
leaf_count=27 35 37 27 23 29 27 23 20 28 35 21 27 21
internal_value=4.28213e-05 -0.00121504 0.00265348 0.00527513 0.0099766 -0.00293079 -0.00188001 0.00268818 -0.00366921 -0.00536803 -0.00500321 -0.00645683 -0.00449195
internal_weight=380 345 106 79 52 239 167 47 120 72 92 69 42
internal_count=380 345 106 79 52 239 167 47 120 72 92 69 42
is_linear=0
shrinkage=0.05


Tree=20
num_leaves=14
num_cat=0
split_feature=15 16 25 10 25 21 15 23 5 7 9 2 5
split_gain=1.74345 2.11579 0.384982 0.287653 0.457131 0.579693 0.281136 0.299664 0.194835 0.163716 0.155927 0.137315 0.132334
threshold=-0.28703667688493278 5.3387661249991076 0.14034579138260447 19.750000000000004 1.0000000180025095e-35 -7.3449667120541644 0.13399961026782495 3.5000000000000004 31.500000000000004 0.17050000000000004 23.405000000000005 1.1147500000000001 18.500000000000004
decision_type=2 2 2 2 2 2 2 2 2 2 2 2 2
left_child=1 2 10 4 -2 -6 7 9 12 -5 -1 -10 -8
right_child=3 -3 -4 6 5 -7 8 -9 11 -11 -12 -13 -14
leaf_value=0.0080771641096188916 -0.0036791665226753273 0.020453629330343878 -0.0030140904345266201 0.00029720166016237011 -0.0027795227117497815 0.0075781238099027958 -0.0036887457805939699 0.0037693984889691431 -0.00530004013562575 -0.004938040358683793 0.0019084104336798192 -0.00016860546602401883 -0.0088707868342420889
leaf_weight=21 35 21 23 28 22 35 22 28 22 32 20 32 28
leaf_count=21 35 21 23 28 22 35 22 28 22 32 20 32 28
internal_value=0.000400059 0.00668224 0.00216351 -0.00148017 0.00081863 0.00358044 -0.00258168 -0.000501733 -0.00434164 -0.00249493 0.00506802 -0.00225919 -0.00659069
internal_weight=369 85 64 284 92 57 192 88 104 60 41 54 50
internal_count=369 85 64 284 92 57 192 88 104 60 41 54 50
is_linear=0
shrinkage=0.05


Tree=21
num_leaves=15
num_cat=0
split_feature=15 9 20 6 8 17 20 7 20 17 22 5 24 4
split_gain=2.03297 1.89953 0.641211 0.41023 0.381151 0.404893 0.504147 0.380036 0.187149 0.131486 0.193001 0.132134 0.136267 0.117547
threshold=-0.27298105231790648 0.85500000000000009 0.5093729718476071 0.00035000000000000005 2.2800000000000007 1.5378508524599883 -1.2214256925531561 0.26650000000000007 0.89313477814424591 0.48971840122454829 0.048301854535077203 56.500000000000007 -0.13558806872293808 0.40550000000000003
decision_type=2 2 2 2 2 2 2 2 2 2 2 2 2 2
left_child=1 -1 3 -3 5 9 13 8 -8 -2 11 12 -11 -7
right_child=4 2 -4 -5 -6 6 7 -9 -10 10 -12 -13 -14 -15
leaf_value=0.017913394197131751 -0.0069174908755701928 0.00068753295178924294 -0.0050715256792803615 0.010570538216935738 -0.0073525356394904002 -0.0050502331869211048 0.0038973269185849598 0.007270438186683212 -0.0023468212357589178 -0.001618258166126907 0.0016911109155487447 -0.00021986114559695129 -0.0067408110008801564 -0.00016384037910029294
leaf_weight=27 21 21 21 21 28 32 21 33 28 20 21 20 37 20
leaf_count=27 21 21 21 21 28 32 21 33 28 20 21 20 37 20
internal_value=0.000277506 0.00681755 0.00206218 0.00562904 -0.00181717 -0.00120456 0.000680396 0.00312265 0.000329242 -0.00332711 -0.00255775 -0.00371652 -0.00494342 -0.00317085
internal_weight=371 90 63 42 281 253 134 82 49 119 98 77 57 52
internal_count=371 90 63 42 281 253 134 82 49 119 98 77 57 52
is_linear=0
shrinkage=0.05


Tree=22
num_leaves=15
num_cat=0
split_feature=15 5 11 24 26 13 24 2 9 22 10 13 11 15
split_gain=2.13899 0.503711 0.684412 1.41593 0.3477 0.30477 0.33231 0.271899 0.416347 0.226892 0.226378 0.163765 0.190898 0.0633828
threshold=-0.44349132862390911 31.500000000000004 1.9500000000000002 0.48485618453582552 90.000000000000014 2.1350000000000002 0.37880876452883055 1.5274000000000003 -5.0849999999999991 -0.059725536062832991 25.050000000000004 2.0950000000000002 1.3500000000000003 -0.028400966909676913
decision_type=2 2 2 2 2 2 2 2 2 2 2 2 2 2
left_child=-1 4 7 -4 11 6 -6 9 -9 10 -3 -2 -13 -11
right_child=1 2 3 -5 5 -7 -8 8 -10 13 -12 12 -14 -15
leaf_value=0.011578734439265515 -0.0097180475311523136 0.0025495486405606453 0.013330390056272826 -0.0043653553724288937 0.0053803902546254306 -0.0049310188394572057 -0.0028565170839428902 0.0071661198418587453 -0.0026018336628718924 -0.007768746707588434 -0.0039296067170133554 -0.0073549573882841146 -0.0009454781788268261 -0.003788081170059741
leaf_weight=35 22 26 26 20 24 35 25 20 24 20 28 26 21 20
leaf_count=35 22 26 26 20 24 35 25 20 24 20 28 26 21 20
internal_value=-0.000186049 -0.00140791 0.000354805 0.00563659 -0.00352778 -0.00136749 0.00117789 -0.00140579 0.00183815 -0.00292423 -0.000810013 -0.0061577 -0.00449115 -0.00577841
internal_weight=372 337 184 46 153 84 49 138 44 94 54 69 47 40
internal_count=372 337 184 46 153 84 49 138 44 94 54 69 47 40
is_linear=0
shrinkage=0.05


end of trees

feature_importances:
atr_contract50=41
dist_base_ma=33
close_ma30_atr=23
adx=22
atr_trend=14
adx_chg20=14
er_chg20=14
momentum=13
er=12
volatility_spike=12
dist_htf_ma=12
trendAge=11
adx_slope=11
st_dist_change=10
bodyAtrRatio=9
wickRatio=8
vol100=8
slope_htf=8
v3_score=8
gapRatio=7
mom5=6
er20=3
confidence=2
flipDensity=2

parameters:
[boosting: gbdt]
[objective: regression]
[metric: rmse]
[tree_learner: serial]
[device_type: cpu]
[data_sample_strategy: bagging]
[data: ]
[valid: ]
[num_iterations: 400]
[learning_rate: 0.05]
[num_leaves: 31]
[num_threads: 0]
[seed: 42]
[deterministic: 0]
[force_col_wise: 0]
[force_row_wise: 0]
[histogram_pool_size: -1]
[max_depth: -1]
[min_data_in_leaf: 20]
[min_sum_hessian_in_leaf: 0.001]
[bagging_fraction: 0.8]
[pos_bagging_fraction: 1]
[neg_bagging_fraction: 1]
[bagging_freq: 1]
[bagging_seed: 400]
[bagging_by_query: 0]
[feature_fraction: 0.9]
[feature_fraction_bynode: 1]
[feature_fraction_seed: 30056]
[extra_trees: 0]
[extra_seed: 12879]
[early_stopping_round: 0]
[early_stopping_min_delta: 0]
[first_metric_only: 0]
[max_delta_step: 0]
[lambda_l1: 0]
[lambda_l2: 0]
[linear_lambda: 0]
[min_gain_to_split: 0]
[drop_rate: 0.1]
[max_drop: 50]
[skip_drop: 0.5]
[xgboost_dart_mode: 0]
[uniform_drop: 0]
[drop_seed: 17869]
[top_rate: 0.2]
[other_rate: 0.1]
[min_data_per_group: 100]
[max_cat_threshold: 32]
[cat_l2: 10]
[cat_smooth: 10]
[max_cat_to_onehot: 4]
[top_k: 20]
[monotone_constraints: ]
[monotone_constraints_method: basic]
[monotone_penalty: 0]
[feature_contri: ]
[forcedsplits_filename: ]
[refit_decay_rate: 0.9]
[cegb_tradeoff: 1]
[cegb_penalty_split: 0]
[cegb_penalty_feature_lazy: ]
[cegb_penalty_feature_coupled: ]
[path_smooth: 0]
[interaction_constraints: ]
[verbosity: -1]
[saved_feature_importance_type: 0]
[use_quantized_grad: 0]
[num_grad_quant_bins: 4]
[quant_train_renew_leaf: 0]
[stochastic_rounding: 1]
[linear_tree: 0]
[max_bin: 255]
[max_bin_by_feature: ]
[min_data_in_bin: 3]
[bin_construct_sample_cnt: 200000]
[data_random_seed: 175]
[is_enable_sparse: 1]
[enable_bundle: 1]
[use_missing: 1]
[zero_as_missing: 0]
[feature_pre_filter: 1]
[pre_partition: 0]
[two_round: 0]
[header: 0]
[label_column: ]
[weight_column: ]
[group_column: ]
[ignore_column: ]
[categorical_feature: ]
[forcedbins_filename: ]
[precise_float_parser: 0]
[parser_config_file: ]
[objective_seed: 16083]
[num_class: 1]
[is_unbalance: 0]
[scale_pos_weight: 1]
[sigmoid: 1]
[boost_from_average: 1]
[reg_sqrt: 0]
[alpha: 0.9]
[fair_c: 1]
[poisson_max_delta_step: 0.7]
[tweedie_variance_power: 1.5]
[lambdarank_truncation_level: 30]
[lambdarank_norm: 1]
[label_gain: ]
[lambdarank_position_bias_regularization: 0]
[eval_at: ]
[multi_error_top_k: 1]
[auc_mu_weights: ]
[num_machines: 1]
[local_listen_port: 12400]
[time_out: 120]
[machine_list_filename: ]
[machines: ]
[gpu_platform_id: -1]
[gpu_device_id: -1]
[gpu_device_id_list: ]
[gpu_use_dp: 0]
[num_gpu: 1]

end of parameters

pandas_categorical:null
